## rank = 10

0 0 0 0 0 0 0 0 0 0 0 0 0 
1 0 0 0 0 0 0 0 0 0 0 0 0 
0 1 1 1 1 1 1 1 1 1 1 1 1 
1 1 1 1 1 1 1 1 1 1 1 1 1 

## rank = 11

1 1 1 1 1 1 1 1 1 1 1 1 0 
0 0 0 0 0 0 0 1 0 0 0 0 0 
0 1 1 1 1 1 1 0 1 1 1 1 1 
0 1 0 1 1 1 1 1 1 1 1 1 1 
1 0 1 0 0 0 0 0 0 0 0 0 0 

1 0 0 0 0 0 0 1 0 0 0 0 0 
1 1 1 1 1 1 1 0 1 1 1 1 1 
0 0 0 0 0 0 0 0 0 0 0 0 1 
1 1 0 1 1 1 1 1 1 1 1 1 1 
0 0 0 0 0 0 1 0 0 0 0 0 0 

0 1 0 0 0 0 0 0 0 0 0 0 0 
0 0 0 0 0 0 0 0 0 1 0 0 0 
0 1 1 0 1 1 1 1 1 1 1 1 1 
0 0 0 0 0 0 0 0 0 0 1 0 0 
1 0 0 0 0 0 0 0 0 0 0 0 1 

1 0 0 0 0 0 1 0 0 0 0 0 0 
1 1 0 0 0 0 0 0 0 0 0 0 0 
0 0 0 0 0 0 0 0 1 0 0 0 0 
0 1 1 1 1 1 1 1 1 1 1 0 1 
1 0 0 0 0 0 0 0 0 1 0 0 0 

1 1 1 0 1 1 1 1 1 1 1 1 1 
1 0 0 0 0 0 0 0 0 0 1 0 0 
0 1 1 1 1 0 1 1 1 1 1 1 1 
0 0 0 0 1 0 0 0 0 0 0 0 0 
0 1 1 1 0 1 1 1 1 1 1 1 1 

1 0 0 0 0 0 0 0 1 0 0 0 0 
1 1 1 1 1 1 1 1 1 1 1 0 1 
0 0 0 0 0 1 0 0 0 0 0 0 0 
1 1 1 1 1 0 1 1 1 1 1 1 1 
0 0 0 0 0 0 0 0 0 0 0 1 0 

0 1 1 1 1 1 1 1 0 1 1 1 1 
1 0 0 0 1 0 0 0 0 0 0 0 0 
1 1 1 1 0 1 1 1 1 1 1 1 1 
1 0 0 0 0 1 0 0 0 0 0 0 0 
0 1 1 1 1 1 1 1 1 1 0 1 1 

0 0 0 1 0 0 0 0 0 0 0 0 0 
0 1 1 1 1 1 1 1 1 0 1 1 1 
1 0 0 0 0 0 0 0 0 0 0 1 0 
1 1 1 1 1 1 1 1 0 1 1 1 1 
0 0 1 1 1 1 1 1 1 1 1 1 1 

0 1 1 1 1 1 0 1 1 1 1 1 1 
0 1 1 1 1 1 1 1 1 1 1 1 0 
1 1 1 1 1 1 1 1 1 1 0 1 1 
1 0 0 1 0 0 0 0 0 0 0 0 0 
1 1 1 1 1 1 1 1 1 0 1 1 1 

1 0 1 1 1 1 1 1 1 1 1 1 1 
1 1 1 1 1 1 0 1 1 1 1 1 1 
0 0 1 0 0 0 0 0 0 0 0 0 0 

## rank = 12

1 0 1 0 0 0 0 0 0 0 0 0 1 
1 1 1 1 1 1 1 1 1 0 1 1 0 
1 0 0 0 0 0 0 1 0 0 0 0 1 
1 0 1 0 0 0 1 0 0 0 0 0 0 
1 0 1 1 1 1 1 1 1 1 1 1 0 

1 0 0 0 0 1 0 0 0 0 0 1 0 
1 0 0 0 0 0 1 1 0 0 0 0 0 
0 1 1 1 1 1 1 0 1 0 1 1 1 
1 0 0 1 1 0 0 0 0 0 0 0 0 
1 1 1 0 0 0 0 0 0 0 0 0 0 

1 1 1 1 1 1 1 0 0 1 1 1 1 
0 0 0 0 0 0 0 1 1 0 0 0 0 
0 0 0 1 1 1 1 1 1 1 1 1 1 
0 1 1 0 0 1 1 1 1 1 1 1 1 
1 0 0 0 0 0 0 1 0 1 0 0 0 

0 1 1 1 1 1 0 0 1 1 1 1 1 
0 1 1 1 1 0 1 1 1 1 1 0 1 
0 1 0 0 0 0 0 0 0 0 0 0 1 
0 1 0 1 1 1 0 1 1 1 1 1 1 
0 1 1 1 1 1 1 0 1 1 1 1 0 

0 0 0 0 0 0 0 0 0 1 0 0 1 
0 1 0 1 1 1 1 1 1 1 1 1 0 
1 1 1 1 1 1 1 0 1 0 1 1 1 
0 0 0 0 0 0 1 0 0 0 1 0 0 
1 0 0 0 0 0 0 1 1 0 0 0 0 

1 0 0 1 1 1 1 1 1 1 1 1 1 
1 1 1 0 0 1 1 1 1 1 1 1 1 
1 1 1 1 1 1 0 0 1 1 1 1 1 
0 0 0 0 0 0 0 0 0 1 1 0 0 
0 1 1 1 0 0 1 1 1 1 1 1 1 

0 0 0 0 0 1 1 1 1 0 0 0 0 
1 1 1 1 1 0 1 1 1 1 1 0 1 
0 1 1 0 1 1 1 1 1 1 0 1 1 
1 1 0 0 0 0 0 0 0 0 0 0 1 
1 1 0 1 1 1 0 1 1 1 1 1 1 

0 0 0 0 0 0 0 0 1 0 0 0 1 
1 1 1 1 1 1 1 0 1 1 1 1 0 
1 0 0 0 0 0 0 0 0 1 0 0 1 
1 1 0 1 1 1 1 1 1 1 1 1 0 
0 0 1 0 0 0 0 0 0 0 0 1 0 

0 1 1 0 1 1 1 1 1 0 1 1 1 
0 1 0 0 0 0 0 0 1 0 0 0 0 
0 1 0 1 1 1 1 0 1 1 1 1 1 
0 1 1 1 1 0 1 1 0 1 1 1 1 
0 0 0 0 0 0 0 0 1 1 0 0 0 

1 0 0 0 0 0 1 0 0 0 1 0 0 
0 1 1 0 1 1 0 1 1 1 1 1 1 
0 1 1 1 1 1 1 1 1 1 0 0 1 
0 0 1 1 0 0 0 0 0 0 0 0 0 
1 0 0 0 0 0 0 0 0 1 1 0 0 

1 1 1 1 0 0 1 1 1 1 1 1 1 
1 0 0 0 0 1 1 1 1 0 0 0 0 
1 1 1 0 1 1 1 1 1 1 0 1 1 
0 0 0 1 0 0 0 1 0 0 0 0 0 
0 1 0 0 1 0 0 0 0 0 0 0 0 

1 0 0 0 0 0 0 0 1 0 0 0 1 
0 1 1 1 0 1 1 1 0 1 1 1 1 
0 1 1 1 1 0 1 1 1 1 0 1 1 
0 0 0 0 1 0 0 0 0 1 0 0 0 
0 0 1 1 1 1 1 1 1 1 1 0 1 

1 0 1 0 0 0 0 0 0 0 0 1 0 
0 0 0 0 0 1 1 1 1 1 1 1 1 
1 1 1 0 1 1 1 1 1 0 1 1 1 
0 0 0 0 0 1 1 0 0 0 0 0 0 
0 1 1 1 1 1 0 1 1 1 1 0 1 

0 0 0 0 0 0 0 0 0 1 1 1 1 
0 0 0 0 1 0 0 0 0 0 1 0 0 
1 1 0 0 0 0 0 0 1 0 0 0 0 
1 1 0 1 1 1 1 0 1 1 1 1 1 
1 1 1 1 1 0 1 1 0 1 1 1 1 

0 0 1 1 1 0 1 1 1 1 1 1 1 
1 0 0 0 0 0 0 0 1 1 0 0 0 
0 1 1 1 1 1 1 1 1 1 1 0 0 
0 0 0 0 0 0 0 0 0 0 0 1 1 
0 1 0 0 0 1 0 0 0 0 0 0 0 

1 1 1 0 1 1 0 1 1 1 1 1 1 
0 1 1 1 0 1 1 1 1 1 0 1 1 
0 1 1 1 1 1 1 1 1 0 0 0 0 
0 0 0 0 0 0 1 0 0 0 0 1 0 
1 1 1 1 1 1 1 1 1 1 0 0 1 

0 1 1 1 1 0 0 1 1 1 1 1 1 
0 1 1 1 1 0 0 0 0 0 0 0 0 
1 0 1 1 0 0 0 0 0 0 0 0 0 
0 1 0 0 0 0 0 0 0 0 0 1 0 
0 1 1 1 0 1 1 1 1 0 1 1 1 

0 0 0 0 0 1 0 0 0 0 1 0 0 
1 0 0 1 0 0 0 1 0 0 0 0 0 
1 1 0 0 1 0 0 0 0 0 0 0 0 
0 0 0 0 1 0 0 0 1 0 0 0 0 
1 1 1 1 0 1 1 1 0 1 1 1 1 

0 0 1 1 0 1 1 1 1 1 1 1 1 
0 1 1 0 1 1 1 0 1 1 1 1 1 
1 0 0 0 1 0 0 0 0 1 0 0 0 
1 1 1 1 1 0 1 1 1 1 0 1 1 
1 0 1 1 1 1 1 1 1 1 1 0 1 

0 1 0 0 1 1 1 1 1 1 1 1 1 
1 0 0 0 0 1 1 1 1 1 1 1 1 
1 0 0 0 0 1 1 0 0 0 0 0 0 
0 0 0 0 0 0 0 0 0 0 1 1 0 
1 1 1 1 1 1 0 1 1 1 1 0 1 

1 0 0 0 0 0 0 0 0 1 1 1 1 
1 0 0 0 1 0 0 0 0 0 1 0 0 
0 0 0 1 0 0 1 0 0 0 0 0 0 
1 0 1 1 1 0 1 1 1 1 1 1 1 
1 1 1 1 1 1 1 1 1 1 1 0 0 

1 0 0 0 0 0 0 0 0 0 0 1 1 
0 1 1 1 1 1 1 1 0 0 1 1 1 
1 1 0 0 0 1 0 0 0 0 0 0 0 
0 0 0 0 0 1 0 0 1 0 0 0 0 
0 0 1 0 0 0 0 1 0 0 0 0 0 

0 0 1 1 1 1 1 1 0 1 1 1 1 
1 1 1 1 0 1 1 1 1 1 0 1 1 
1 1 1 1 1 1 1 1 1 0 0 0 0 
1 0 0 0 0 0 1 0 0 0 0 1 0 
1 1 1 1 1 0 0 1 1 1 1 1 1 

0 0 0 1 0 0 0 0 0 1 0 0 0 
1 1 1 1 1 0 0 0 0 0 0 0 0 
0 1 0 1 1 1 1 1 1 1 1 0 1 
1 1 0 0 0 0 0 0 0 0 0 1 0 
1 0 0 0 0 1 0 0 0 0 1 0 0 

1 1 1 1 0 1 1 1 1 0 1 1 1 
1 0 0 0 1 0 0 0 1 0 0 0 0 
0 1 1 1 1 1 1 1 0 1 1 1 0 
1 0 1 1 0 1 1 1 1 1 1 1 1 
1 1 1 0 1 1 1 0 1 1 1 1 1 

0 0 0 1 0 0 0 0 0 0 1 0 0 
0 1 1 1 1 0 0 0 0 1 1 1 1 
0 0 0 0 1 1 0 0 0 0 0 0 0 
0 1 1 1 1 1 1 1 1 0 0 1 1 
1 1 0 0 1 1 1 1 1 1 1 1 1 

1 0 0 0 0 0 0 0 0 0 1 1 0 
1 0 0 1 0 0 1 0 0 0 0 0 0 
0 1 1 1 1 1 0 1 1 1 0 1 1 
1 1 1 1 1 1 1 1 0 0 1 1 1 
1 0 0 0 0 1 0 0 1 0 0 0 0 

1 0 1 0 0 0 0 1 0 0 0 0 0 
1 0 1 1 1 1 1 1 0 1 1 1 1 
1 0 0 1 0 0 0 0 0 1 0 0 0 
1 1 0 1 1 1 1 1 1 1 1 0 1 
0 0 1 0 0 0 0 0 0 0 0 0 1 

0 1 1 1 1 1 1 1 1 0 1 1 0 
0 0 0 0 0 0 0 1 0 0 0 0 1 
1 1 1 1 1 1 1 1 0 1 1 1 0 
0 0 1 0 0 0 1 0 0 0 0 0 0 
0 0 1 1 1 1 1 1 1 1 1 1 0 

1 0 0 1 0 0 0 0 0 0 1 0 0 
0 0 0 0 0 1 0 0 0 0 0 1 0 
1 1 1 1 1 0 0 0 0 1 1 1 1 
1 1 1 1 1 1 1 1 1 0 0 1 1 
0 0 0 0 0 0 1 1 0 0 0 0 0 

1 0 0 0 1 1 0 0 0 0 0 0 0 
0 0 0 1 1 0 0 0 0 0 0 0 0 
0 1 1 0 0 0 0 0 0 0 0 0 0 
0 1 1 1 1 1 1 0 0 1 1 1 1 
1 1 1 1 1 1 0 1 1 1 0 1 1 

0 0 0 0 0 0 0 1 0 1 0 0 0 

## rank = 13

1 1 1 1 1 1 0 1 1 0 0 1 1 
1 1 0 0 0 1 0 0 0 0 0 1 0 
0 0 0 1 1 1 1 1 0 1 1 1 1 
1 0 0 0 0 0 0 1 0 1 0 0 1 
0 0 0 0 0 1 0 0 1 0 0 1 0 

1 1 0 1 1 1 1 1 1 0 0 0 0 
1 1 1 1 1 0 0 0 1 1 1 1 1 
1 0 0 0 1 1 0 0 1 0 0 0 0 
0 1 0 0 1 1 0 0 1 1 1 1 1 
0 0 0 0 0 0 1 1 1 0 0 0 0 

0 1 1 0 0 1 1 1 0 1 1 1 1 
1 1 1 1 1 0 0 0 0 1 1 1 0 
1 1 1 1 1 1 1 1 1 0 0 1 0 
1 0 0 0 0 1 0 0 1 1 1 1 1 
1 1 0 1 1 0 0 1 1 1 1 1 1 

1 0 0 0 0 0 1 1 0 1 0 0 0 
1 1 0 1 1 0 0 0 0 0 0 0 0 
0 0 0 1 1 0 0 0 1 0 0 0 0 
0 1 1 1 1 1 0 0 0 1 1 1 1 
0 0 1 1 0 0 1 1 0 0 0 0 0 

1 0 0 1 1 1 1 1 1 1 1 0 0 
1 0 0 0 0 0 1 1 0 1 1 0 0 
0 1 1 1 1 0 1 1 0 1 1 0 1 
0 1 1 0 0 0 0 0 1 0 0 0 0 
1 1 1 1 1 0 0 0 0 0 0 1 0 

1 0 0 0 0 1 0 0 1 0 0 1 1 
1 0 0 1 1 0 0 0 0 1 0 0 0 
0 1 1 1 1 1 1 0 0 1 1 1 0 
1 1 1 1 1 0 0 0 0 0 1 1 0 
0 1 0 0 0 0 0 1 1 0 0 0 0 

1 0 0 1 1 0 0 0 0 1 1 0 0 
1 0 0 1 1 1 1 1 1 0 0 0 0 
1 1 1 1 1 1 0 0 1 1 1 0 0 
1 0 0 0 0 1 0 0 0 0 1 1 0 
1 1 1 0 0 1 1 1 1 0 0 0 0 

0 1 1 1 1 1 1 0 1 0 0 1 1 
1 0 0 1 0 1 1 1 1 1 1 1 1 
0 0 0 0 0 0 0 1 1 1 0 0 0 
1 1 0 0 1 1 1 0 1 1 1 1 1 
1 0 0 0 0 0 1 1 0 0 1 0 0 

1 0 0 1 0 1 1 0 0 0 0 0 0 
1 0 0 1 1 0 0 1 1 1 1 1 1 
0 1 0 1 1 0 0 0 0 1 1 1 1 
1 0 1 1 1 1 1 1 1 0 1 1 0 
1 1 1 0 0 0 0 1 1 1 1 1 1 

1 1 1 1 1 1 0 0 1 0 0 0 0 
0 0 0 1 0 0 0 0 0 0 1 1 0 
0 1 1 1 1 1 1 0 0 0 1 1 0 
1 0 0 1 0 0 0 0 0 1 1 1 1 
1 0 0 1 1 0 0 0 0 0 1 0 0 

0 1 1 0 0 1 1 1 1 1 0 1 1 
0 1 1 0 1 1 1 1 1 0 0 0 0 
1 0 0 0 0 0 0 1 1 1 0 0 1 
0 0 0 0 0 0 1 1 0 1 1 1 1 
1 1 1 0 1 1 1 1 1 1 0 0 1 

0 0 0 1 1 1 1 0 0 0 0 0 0 
0 1 0 0 0 0 0 0 0 1 0 0 1 
1 0 1 0 0 1 1 1 1 0 0 0 0 
0 1 1 0 0 1 1 0 0 0 0 0 0 
0 1 1 0 1 0 0 1 1 1 1 1 1 

0 1 1 1 1 1 0 0 1 1 0 1 1 
0 0 1 1 0 0 0 1 0 0 0 0 0 
1 1 1 1 1 1 1 0 0 0 1 1 1 
0 1 1 0 1 0 0 0 0 0 0 0 0 
1 0 0 0 0 0 0 1 0 1 1 0 0 

0 0 0 1 1 0 0 0 0 1 1 1 1 
0 1 1 1 1 0 1 1 1 1 0 0 1 
0 0 0 0 0 0 1 1 0 0 0 1 1 
0 1 1 0 0 0 0 0 0 1 1 1 1 
0 1 1 0 0 1 1 1 1 0 0 1 1 

0 0 0 0 0 1 1 1 1 1 0 0 1 
1 0 1 1 1 1 1 0 0 1 1 1 1 
1 0 0 0 0 0 0 1 1 0 0 0 1 
0 1 1 0 0 1 1 1 1 0 1 1 1 
0 1 1 1 1 0 1 1 0 1 1 0 0 

0 0 0 0 0 1 1 1 1 1 1 0 1 
1 0 0 1 1 1 1 1 0 1 1 1 1 
1 0 0 0 0 1 0 0 1 0 0 1 0 
0 1 1 1 1 1 0 0 1 0 0 1 1 
0 1 1 0 0 0 0 0 0 0 0 1 1 

1 1 0 0 1 1 0 0 1 1 1 1 1 
1 0 0 0 0 0 1 1 1 0 0 0 0 
1 1 1 0 0 1 1 1 0 1 1 1 1 
0 0 1 0 0 1 1 1 1 1 1 1 1 
0 1 1 1 1 1 0 0 1 0 1 1 1 

0 0 1 0 0 1 1 0 0 0 0 0 0 
0 1 1 1 1 0 1 1 0 0 0 0 0 
0 0 0 0 0 0 0 0 0 1 1 0 1 
0 0 0 0 0 1 1 1 1 0 0 0 1 
1 0 0 1 1 0 0 0 1 0 0 0 0 

1 1 1 1 1 1 0 0 0 1 1 1 1 
1 0 1 1 0 0 1 1 0 0 0 0 0 
0 1 1 1 0 0 1 1 0 1 1 1 1 
0 0 0 0 0 1 1 1 0 0 0 0 0 
0 0 1 0 0 0 0 0 0 1 1 1 1 

1 1 1 1 1 0 1 1 0 1 1 0 1 
0 1 1 1 1 1 1 0 1 0 1 1 0 
1 1 1 0 0 0 0 0 1 0 0 0 0 
0 0 1 1 1 0 1 1 1 1 1 0 1 
0 0 0 0 0 0 1 0 0 1 1 0 0 

0 0 0 1 1 1 0 1 1 1 1 1 1 
0 0 0 0 0 0 0 1 0 1 1 1 1 
1 1 1 1 1 1 1 0 0 1 1 1 0 
0 1 0 1 1 1 1 1 1 0 1 1 0 
1 1 0 0 0 0 0 1 1 0 0 0 0 

0 0 0 1 1 1 0 0 0 0 0 0 0 
0 1 1 0 0 1 0 1 1 1 1 1 1 
0 0 1 0 0 0 0 0 0 0 0 1 1 
0 0 0 0 0 0 1 1 1 1 1 1 1 
0 1 1 0 0 1 0 0 0 0 0 0 0 

0 1 1 1 0 1 1 1 1 1 0 0 1 
1 1 1 1 1 1 1 0 1 0 0 1 1 
0 0 0 1 1 1 1 1 1 1 1 1 0 
1 0 0 0 0 0 0 1 1 1 0 0 0 
0 1 1 1 1 0 0 1 1 1 0 0 1 

0 0 0 0 0 0 0 1 0 0 0 1 1 
1 1 0 1 1 0 0 0 0 1 1 1 1 
0 0 1 0 0 0 1 0 0 0 0 1 0 
0 1 1 1 1 0 0 1 1 1 1 0 1 
0 0 1 1 0 0 1 1 0 1 1 1 1 

1 0 0 1 0 0 0 0 0 0 1 1 0 
1 1 1 1 1 1 1 0 0 0 1 1 0 
0 1 0 0 0 1 1 1 1 0 0 0 0 
0 0 0 0 0 0 1 1 0 0 0 1 0 
0 1 1 1 1 1 0 0 1 1 1 1 0 

0 1 0 0 0 0 0 0 1 0 0 0 1 
0 0 0 0 0 1 1 1 1 1 0 0 0 
0 1 1 1 1 0 1 1 1 1 1 0 0 
1 1 1 0 0 1 1 1 1 1 0 1 1 
1 1 1 0 1 1 1 1 1 0 0 0 0 

1 0 0 0 0 0 1 1 0 1 1 1 1 
0 1 0 1 1 1 1 0 0 1 1 1 1 
1 0 0 1 1 1 1 0 0 0 0 0 0 
1 1 0 0 0 0 0 0 0 1 0 0 1 
0 0 0 0 0 1 1 1 1 1 1 0 0 

0 1 1 1 1 0 0 1 0 0 0 0 0 
0 0 1 1 0 1 1 1 1 1 0 0 1 
0 0 0 0 0 0 0 0 1 1 0 0 1 
1 1 1 0 0 1 1 0 0 0 0 0 0 
0 1 1 0 0 0 0 0 0 0 0 1 0 

1 1 1 0 1 0 0 1 1 1 1 1 1 
1 1 1 1 1 1 0 0 1 1 0 1 1 
0 1 1 1 0 0 1 1 1 1 0 1 1 
1 0 1 1 0 0 0 1 0 0 0 0 0 
0 1 1 1 1 0 1 1 1 0 0 0 0 

0 0 1 1 0 1 1 1 1 1 1 0 1 
1 1 1 0 1 0 0 0 0 0 0 0 0 
1 0 0 1 1 0 0 0 0 1 1 1 1 
1 1 1 1 1 0 1 1 1 1 0 0 1 
0 1 0 0 1 1 1 1 1 1 0 0 1 

1 0 0 0 0 0 1 1 0 0 0 1 1 
0 0 1 1 0 0 0 0 0 1 0 0 1 
1 1 1 0 0 0 0 0 0 1 1 1 1 
1 1 1 0 0 1 1 1 1 0 0 1 1 
1 0 0 0 0 1 1 1 1 1 0 0 1 

0 1 0 0 1 1 1 1 1 1 1 0 1 
0 0 0 0 1 0 0 1 1 0 0 0 0 
0 0 0 0 0 1 1 1 1 0 1 0 0 
1 1 1 0 0 1 1 1 1 0 1 1 1 
1 1 1 1 1 0 1 1 0 1 1 0 0 

1 0 0 0 0 1 1 1 1 1 1 0 1 
0 1 0 0 1 0 0 0 0 1 0 0 1 
0 0 0 0 0 0 0 1 1 1 1 1 1 
1 1 1 1 1 1 0 0 1 0 0 1 1 
1 1 1 0 0 0 0 0 0 0 0 1 1 

0 0 0 1 1 1 1 0 0 1 1 1 1 
1 0 1 0 0 1 1 1 1 1 1 1 1 
1 1 1 1 1 1 0 0 1 0 1 1 1 
1 0 1 0 0 1 1 0 0 0 0 0 0 
0 1 1 0 0 1 1 0 0 1 1 1 1 

0 0 1 1 0 0 0 0 0 0 0 0 1 
1 1 1 1 1 0 1 1 0 0 0 0 0 
1 0 0 0 0 0 0 0 0 1 1 0 1 
1 0 0 0 0 1 1 1 1 0 0 0 1 
0 1 1 0 1 0 0 0 0 1 1 1 1 

0 1 1 0 1 1 1 1 1 0 0 1 1 
1 1 1 1 0 0 1 1 0 1 1 1 1 
0 0 1 0 0 0 0 0 0 0 1 1 0 
1 0 0 0 0 1 1 1 0 0 0 0 0 
0 0 1 1 0 0 1 1 1 1 1 1 1 

0 1 0 0 1 0 0 0 0 0 0 0 1 
1 0 1 0 0 0 0 0 0 1 1 1 1 
1 1 1 1 1 1 1 0 1 0 1 1 0 
0 0 1 1 0 0 1 0 0 0 0 0 0 
1 0 1 1 1 0 1 1 1 1 1 0 1 

1 0 0 0 0 0 1 0 0 1 1 0 0 
1 0 0 1 1 1 0 1 1 1 1 1 1 
1 0 0 0 0 0 0 1 0 1 1 1 1 
0 0 0 0 1 0 0 0 0 1 0 0 1 
1 1 0 1 1 1 1 1 1 0 1 1 0 

1 0 0 1 1 1 0 0 0 0 0 0 0 
0 0 0 1 0 0 1 1 0 0 0 0 0 
1 1 1 0 0 1 0 1 1 1 1 1 1 
1 0 1 0 0 0 0 0 0 0 0 1 1 
0 1 1 1 0 1 1 1 1 0 0 0 0 

0 1 1 1 1 0 1 1 0 1 0 1 1 
1 0 0 0 0 0 1 1 1 1 1 1 1 
1 1 1 0 0 1 0 0 0 0 0 0 0 
1 1 1 1 0 1 1 1 1 1 0 0 1 
0 1 1 1 1 0 0 1 1 0 0 0 0 

1 0 0 1 1 1 1 1 1 1 1 1 0 
1 1 1 1 1 0 0 1 1 1 0 0 1 
1 0 0 0 0 0 0 1 0 0 0 1 1 
0 1 1 1 0 0 0 1 1 1 1 1 1 
0 0 0 0 0 1 0 1 1 0 0 0 0 

1 0 1 0 0 0 1 0 0 0 0 1 0 
0 1 1 1 0 0 0 0 0 0 0 0 0 
1 0 1 1 0 0 1 1 0 1 1 1 1 
1 1 1 1 1 0 0 1 1 1 1 0 1 
0 0 0 0 0 1 1 1 0 1 1 1 1 

0 1 1 0 1 1 0 1 1 1 0 1 1 
1 1 0 0 0 1 1 1 1 0 0 0 0 
0 0 0 0 0 0 0 0 1 1 1 0 0 
1 0 0 0 0 0 1 1 0 0 0 1 0 
0 1 1 1 1 0 1 1 0 0 0 1 1 

1 1 1 1 1 1 0 0 1 1 1 1 0 
0 0 1 1 0 0 0 0 0 1 0 0 0 
1 1 0 0 0 0 0 0 1 0 0 0 1 
1 0 0 0 0 1 1 1 1 1 0 0 0 
1 1 1 1 1 0 1 1 1 1 1 0 0 

0 1 1 1 1 0 1 1 0 0 1 1 1 
0 0 1 1 0 1 1 1 1 0 0 0 0 
0 0 0 1 0 0 0 1 0 1 0 0 0 
1 1 0 1 1 1 1 0 0 1 1 1 1 
1 0 0 0 0 1 1 1 1 1 1 0 0 

0 1 0 0 1 0 0 0 0 1 0 0 0 
1 1 1 1 1 0 0 1 0 0 0 0 0 
1 0 1 1 0 1 1 1 1 1 0 0 1 
0 0 0 1 1 1 1 0 1 1 1 1 1 
1 0 0 0 0 0 0 0 1 1 0 0 1 

0 0 0 0 0 0 1 0 0 1 1 1 1 
1 1 1 0 0 0 0 0 0 0 0 1 0 
0 0 1 1 1 0 1 1 0 1 1 1 1 
0 1 1 0 0 1 1 0 1 1 1 1 1 
1 1 1 1 0 0 1 1 1 1 0 1 1 

0 1 1 1 1 1 1 1 0 1 1 0 0 
1 1 1 1 1 0 1 1 1 0 0 0 0 
0 1 0 0 1 1 1 1 1 0 0 0 0 
0 1 1 1 1 0 0 0 0 1 0 0 1 
1 0 1 1 0 1 1 1 1 1 1 0 1 

1 1 0 0 1 1 1 1 1 1 0 0 1 
0 1 0 0 0 1 1 1 1 1 1 1 1 
1 0 1 1 0 0 0 0 0 1 0 0 1 
0 1 1 1 1 0 0 0 0 1 1 0 1 
0 1 1 1 1 1 1 1 1 0 0 0 1 

0 0 0 0 0 0 1 0 0 0 0 1 1 
0 1 0 0 0 1 1 0 0 0 0 0 0 
1 1 0 0 1 1 1 1 1 1 1 0 1 
1 0 0 0 1 0 0 1 1 0 0 0 0 
0 0 1 1 0 0 0 0 0 0 1 0 0 

0 1 1 1 1 1 1 1 0 0 0 0 0 
1 0 0 0 0 1 1 1 1 0 1 0 0 
0 1 1 0 1 1 1 1 1 0 1 1 0 
1 1 0 0 1 0 0 0 0 1 0 0 1 
1 0 0 0 0 0 0 1 1 1 1 1 1 

0 0 1 1 1 1 1 1 1 1 0 0 1 
0 1 0 1 1 1 0 0 1 1 1 1 1 
0 1 0 0 0 0 0 0 0 1 1 1 1 
0 1 0 0 1 0 0 0 0 0 1 0 0 
0 1 1 1 1 0 0 0 0 0 0 0 1 

1 0 0 1 1 1 1 0 0 1 1 1 1 
0 1 1 1 1 0 0 1 0 1 1 1 1 
1 1 1 0 0 1 1 0 0 1 1 1 1 
1 0 1 1 0 0 0 0 0 0 0 0 1 
0 0 0 0 1 0 0 0 0 1 1 0 0 

0 0 0 0 0 1 1 1 1 1 0 1 1 
0 0 0 0 1 1 1 1 1 0 0 0 0 
1 1 1 0 1 0 0 0 0 1 1 1 1 
0 1 0 1 1 1 1 0 1 1 1 1 0 
1 1 1 0 1 1 1 1 1 0 0 1 1 

0 1 1 1 1 0 1 0 0 0 0 0 0 
0 1 0 0 0 0 0 0 0 0 0 1 1 
1 0 1 0 0 0 0 0 0 0 1 1 0 
0 1 1 1 1 0 1 1 0 1 1 1 0 
1 0 1 1 0 0 1 1 1 1 1 1 1 

1 1 0 0 1 0 0 0 0 0 0 0 1 
1 0 1 1 0 0 1 0 0 0 0 0 0 
0 1 1 1 0 1 1 1 0 0 1 1 1 
0 1 1 1 1 1 0 1 1 1 0 0 1 
0 0 0 0 0 0 0 0 0 1 0 1 1 

0 1 1 1 1 0 1 1 1 0 0 1 1 
1 0 0 0 1 0 0 0 0 1 0 0 1 
0 0 0 0 0 1 1 0 0 0 1 0 0 
1 0 0 1 0 0 1 1 0 0 0 0 0 
0 0 1 1 0 1 1 1 0 1 1 1 1 

0 0 0 0 0 1 1 1 1 0 0 1 1 
0 1 1 0 1 1 1 0 0 1 1 1 1 
1 1 1 1 0 1 1 1 1 0 0 0 0 
1 1 1 1 1 0 1 1 0 1 0 1 1 
0 1 1 1 1 1 1 1 1 1 0 0 0 

1 1 1 1 1 0 0 1 1 0 0 0 0 
0 0 0 0 0 1 1 1 1 0 1 1 1 
1 1 1 1 0 0 0 1 1 1 1 1 1 
1 0 0 0 0 1 0 1 1 0 0 0 0 
1 1 1 1 0 0 0 0 0 0 0 0 0 

1 0 0 0 0 1 1 1 0 1 1 1 1 
1 1 1 0 1 1 0 1 1 1 0 1 1 
0 1 1 1 1 0 0 0 0 1 0 0 0 
1 0 0 0 0 0 0 0 1 1 1 0 0 
0 0 0 0 0 0 0 0 0 0 1 1 1 

1 1 1 1 1 0 1 1 0 0 0 1 1 
1 0 1 1 0 0 0 0 0 1 0 0 0 
0 0 0 1 0 0 0 1 1 0 0 0 0 
0 1 1 1 1 0 0 0 0 1 1 0 0 
0 1 0 0 1 0 0 0 1 0 0 0 0 

0 1 1 1 1 0 0 1 1 1 0 1 1 
1 1 1 1 1 0 1 1 0 0 1 1 1 
1 0 1 1 0 1 1 1 1 0 0 0 0 
0 0 0 0 0 1 0 0 0 1 1 0 0 
0 1 1 1 1 1 1 1 1 0 1 0 0 

1 0 0 1 0 0 0 1 0 1 0 0 0 
0 0 0 0 0 0 1 0 0 0 1 1 0 
1 1 0 0 1 0 0 0 0 1 0 0 0 
1 0 0 1 1 1 1 0 1 1 1 1 1 
0 0 0 0 1 0 0 0 1 1 0 0 0 

1 0 0 0 0 0 1 0 0 1 1 1 1 
1 0 1 1 1 0 1 1 0 1 1 1 1 
1 1 1 0 0 1 1 0 1 1 1 1 1 
0 0 0 0 0 1 0 0 1 0 0 0 1 
1 1 1 1 1 1 1 1 0 1 1 0 0 

1 1 0 0 1 1 1 1 1 0 0 0 0 
1 1 1 1 1 0 0 0 0 1 0 0 1 
0 0 1 1 1 1 1 1 1 1 1 0 0 
0 0 0 0 0 1 0 1 1 1 1 1 1 
0 1 1 1 0 0 0 0 0 1 1 1 1 

0 0 1 0 0 0 0 1 0 0 0 0 1 
0 1 1 1 0 1 1 1 1 0 0 1 1 
0 1 1 1 1 0 0 0 0 0 1 0 0 
1 1 0 0 0 1 1 1 1 1 1 1 1 
1 1 1 1 1 0 0 0 0 1 1 0 1 

1 1 1 1 1 1 1 1 1 0 0 0 1 
1 0 0 0 0 0 1 0 0 0 0 1 1 
1 1 0 0 0 1 1 0 0 0 0 0 0 
1 0 1 1 0 0 0 0 0 0 1 0 0 
0 0 0 0 0 1 1 0 1 0 0 0 0 

1 1 1 1 1 1 1 1 0 0 0 0 0 
0 0 0 0 0 1 1 1 1 1 1 1 0 
0 0 1 1 0 1 1 1 1 1 0 1 1 
0 0 1 1 1 1 1 1 1 0 0 0 0 
1 1 1 0 1 1 1 1 1 0 1 1 0 

0 0 1 0 0 0 1 1 0 0 0 0 0 
0 1 0 0 0 0 0 0 0 0 1 1 0 
1 0 1 1 1 1 1 1 1 1 0 0 1 
1 1 0 1 1 1 0 0 1 1 1 1 1 
1 1 0 0 0 0 0 0 0 1 1 1 1 

0 0 0 1 0 0 0 0 0 1 0 0 1 
1 1 0 0 1 0 0 0 0 0 1 0 0 
1 1 1 1 1 0 0 0 0 0 0 0 1 
0 0 0 0 0 0 0 0 1 1 1 1 1 
1 1 1 1 1 0 0 1 0 1 1 1 1 

0 1 0 0 1 1 1 1 1 1 0 1 1 
0 0 1 1 1 0 0 1 1 1 1 1 1 
0 1 1 1 1 1 0 1 1 1 1 0 0 
0 0 0 0 0 0 0 0 0 1 1 1 0 
0 0 0 0 0 1 1 1 1 0 0 1 0 

0 0 1 1 1 0 0 0 0 0 0 0 0 
1 0 0 0 0 1 1 1 1 1 0 1 1 
1 0 0 0 1 0 0 0 0 1 1 0 0 
1 1 0 1 1 1 1 0 1 1 1 1 0 
1 0 0 0 1 1 1 1 1 0 0 0 0 

1 1 1 1 1 0 1 0 0 0 0 0 0 
1 1 0 0 0 0 0 0 0 0 0 1 1 
0 0 1 1 0 0 0 0 0 1 1 1 1 
0 0 0 0 0 1 1 1 1 0 1 1 0 
0 0 0 0 0 0 0 0 1 0 0 1 1 

1 1 1 1 1 0 1 1 0 1 1 1 0 
0 1 0 0 0 1 0 0 1 0 0 0 0 
0 0 0 1 1 0 0 1 0 0 0 0 0 
1 1 1 1 0 1 1 1 0 0 1 1 1 
0 1 1 1 1 1 0 1 1 0 0 0 0 

0 1 1 0 0 0 0 1 0 0 0 0 0 
0 0 1 1 0 1 1 1 1 0 1 1 1 
1 1 1 1 1 1 0 1 1 1 0 0 1 
0 1 1 0 1 1 1 0 1 0 1 1 1 
1 0 0 0 0 0 0 0 0 1 0 1 1 

0 1 0 0 1 0 0 0 0 1 1 1 1 
1 1 1 1 1 0 1 1 1 0 0 1 1 
0 0 0 0 0 1 0 0 1 1 0 0 0 
1 0 0 0 0 1 1 0 0 0 1 0 0 
1 0 1 1 0 1 1 1 0 1 1 1 1 

1 0 0 0 0 1 1 1 1 0 0 1 1 
1 1 1 0 1 1 1 0 0 1 1 1 1 
0 1 0 0 1 1 1 1 1 0 1 1 1 
0 0 0 0 0 1 0 0 1 1 1 0 0 
1 1 1 1 1 1 1 1 1 1 0 0 0 

0 1 1 1 1 1 1 1 0 0 0 1 1 
1 0 0 0 0 1 1 1 1 0 1 1 1 
0 0 0 1 0 0 1 0 0 0 1 0 0 
0 1 1 1 1 0 0 0 1 0 0 0 0 
0 0 0 0 1 1 1 1 1 1 1 1 1 

0 1 1 1 1 0 1 0 0 1 1 1 1 
0 0 0 0 1 1 1 0 0 0 0 0 0 
1 1 1 1 1 0 0 0 0 1 0 0 0 
0 0 0 0 0 1 1 0 0 1 1 1 1 
1 0 0 0 0 0 0 0 0 0 1 1 1 

0 0 0 0 0 1 0 0 1 0 1 0 0 
0 0 0 0 1 0 0 0 0 1 1 1 1 
1 0 0 1 0 0 0 1 1 0 0 0 0 
1 1 1 1 1 0 0 0 0 1 1 0 0 
1 1 0 0 1 0 0 0 1 0 0 0 0 

0 1 1 0 1 1 0 0 1 1 1 1 1 
1 1 1 1 1 0 0 1 1 1 0 1 1 
0 1 1 1 0 1 1 1 1 0 1 1 0 
1 0 0 0 0 1 0 0 0 1 1 0 0 
1 1 1 1 1 1 1 1 1 0 1 0 0 

1 0 0 0 0 0 1 0 0 0 1 1 0 
1 0 0 0 1 0 0 0 1 1 0 0 0 
0 1 0 0 1 1 0 1 1 1 1 1 1 
0 0 1 1 0 1 1 1 1 1 1 1 0 
0 1 0 0 1 1 0 0 0 0 0 0 0 

1 0 0 0 0 1 0 0 1 0 0 0 1 
0 1 0 1 1 1 1 1 1 1 0 0 1 
1 0 1 1 1 1 1 1 1 1 1 0 0 
1 0 0 0 0 1 0 1 1 1 1 1 1 
0 0 0 1 0 0 0 0 0 1 1 0 0 

0 0 0 1 0 1 1 1 1 0 0 0 0 
1 0 1 0 0 0 0 1 0 0 0 0 1 
1 1 1 1 0 0 0 0 0 1 1 1 1 
1 1 1 1 0 1 1 1 1 0 0 1 1 
1 1 1 1 1 0 0 0 0 0 1 0 0 

0 1 0 0 1 1 1 1 1 1 1 1 0 
0 0 0 1 1 0 0 1 1 0 0 0 0 
1 0 0 0 0 1 1 0 1 0 0 0 0 
0 1 1 0 0 0 0 1 1 0 0 0 0 
1 0 0 0 0 1 1 1 1 1 1 1 0 

1 0 1 1 0 1 1 1 1 1 0 1 1 
1 0 1 1 1 1 1 1 1 0 0 0 0 
1 0 1 0 0 0 1 1 0 0 0 0 0 
1 1 0 0 0 0 0 0 0 0 1 1 0 
0 1 1 1 1 1 1 0 0 0 0 0 0 

0 0 1 1 0 1 1 1 1 0 1 1 0 
1 0 0 1 0 0 0 0 0 1 0 0 1 
0 1 1 1 1 0 0 0 0 1 0 1 1 
1 0 0 0 0 0 0 0 1 1 1 1 1 
1 1 0 0 1 1 1 1 1 1 0 1 1 

0 1 1 1 0 1 1 0 0 1 1 1 1 
1 0 1 1 1 0 0 1 1 1 1 1 1 
0 0 1 1 0 0 0 0 0 0 0 1 0 
1 1 1 1 1 1 0 1 1 1 1 0 0 
1 0 0 0 0 0 0 0 0 1 1 1 0 

1 0 0 0 0 1 1 1 1 0 0 1 0 
1 0 1 1 1 0 0 0 0 0 0 0 0 
0 1 0 0 1 1 1 1 1 0 1 1 0 
0 0 1 1 0 0 0 0 0 0 1 1 0 
1 0 1 1 0 0 0 0 0 1 1 1 1 

1 0 0 0 0 1 1 1 1 0 1 1 0 
0 1 0 0 1 0 0 0 0 0 0 1 0 
0 0 0 0 0 1 0 0 0 1 1 1 1 
0 0 0 0 1 1 0 0 0 0 1 0 0 
1 0 0 0 0 0 0 0 1 0 0 1 1 

1 0 0 1 1 0 0 1 0 0 0 0 0 
1 1 0 0 0 1 0 0 1 0 0 0 0 
0 0 0 1 1 1 1 1 1 1 1 0 1 
1 1 1 1 1 1 0 1 1 0 0 0 0 
0 1 1 1 1 1 1 1 0 0 1 1 0 

0 1 0 0 1 0 0 0 0 0 1 1 0 
1 1 1 0 0 0 0 1 0 0 0 0 0 
0 0 0 0 0 1 1 0 1 1 1 1 1 
0 1 1 1 1 0 0 0 0 0 0 1 1 
1 0 1 1 0 1 1 1 1 0 1 1 1 

0 0 1 0 0 0 0 1 1 0 0 0 0 
1 1 1 0 1 1 1 0 1 0 1 1 1 
1 1 0 0 1 0 0 0 0 1 1 1 1 
1 0 0 0 0 1 0 0 1 1 0 0 0 
0 1 1 1 1 0 0 0 0 0 1 1 1 

0 0 0 0 0 1 0 0 0 0 0 1 1 
0 0 1 1 1 1 1 1 0 1 1 1 0 
1 1 0 0 1 1 1 1 1 0 1 1 1 
0 0 0 0 0 0 1 1 0 0 0 0 1 
1 0 0 0 0 1 0 0 1 1 1 0 0 

0 1 1 1 1 1 0 0 1 1 1 0 1 
1 1 1 1 1 1 1 1 0 0 0 1 1 
0 0 1 1 1 0 0 0 0 1 1 1 1 
1 0 0 1 0 0 1 0 0 0 1 0 0 
1 1 1 1 1 0 0 0 1 0 0 0 0 

0 1 0 0 1 1 0 0 1 0 0 0 0 
0 0 0 0 0 1 1 0 0 0 0 1 0 
1 0 0 0 1 1 1 1 1 1 1 1 1 
0 1 0 1 1 1 0 1 1 1 1 0 1 
1 1 1 1 1 0 1 0 0 1 1 1 1 

1 0 0 0 1 1 1 0 0 0 0 0 0 
0 1 1 1 1 1 1 0 1 1 1 0 0 
0 0 0 0 0 1 1 0 0 0 1 1 0 
0 1 1 0 0 0 0 0 0 0 0 0 1 
1 0 0 0 0 1 1 0 0 1 1 1 1 

0 0 0 0 1 0 0 0 0 0 1 1 0 
0 1 1 1 1 1 0 0 0 0 0 0 0 
0 0 0 1 1 0 1 1 1 1 1 1 1 
1 0 0 0 0 1 0 0 1 0 1 0 0 
1 0 0 0 1 0 0 0 0 1 1 1 1 

0 1 0 1 1 1 1 1 1 1 1 0 0 
0 0 0 1 1 0 1 0 0 0 0 0 0 
1 1 1 0 1 1 0 0 1 1 1 1 1 
0 1 1 0 0 0 1 1 1 1 1 1 1 
0 0 1 0 0 0 0 0 0 1 0 0 1 

1 1 1 1 0 1 1 1 1 0 1 1 0 
0 1 1 1 1 1 1 0 1 0 0 0 0 
0 1 1 0 0 0 1 0 0 0 0 0 0 
0 1 1 1 1 1 0 1 1 0 0 1 1 
0 1 0 0 0 1 0 0 0 0 0 1 0 

1 1 0 0 1 1 0 1 1 1 1 1 1 
0 0 0 0 0 0 0 1 0 1 0 0 1 
0 1 0 1 1 1 1 1 1 0 0 0 0 
1 0 1 1 0 1 1 1 1 1 1 1 0 
1 1 0 0 1 1 0 0 0 0 0 0 0 

0 1 1 1 1 0 0 0 1 1 1 1 1 
0 0 0 0 1 1 0 0 1 0 0 0 0 
1 1 0 1 1 1 1 1 1 1 0 0 1 
1 0 0 1 0 0 0 0 0 1 1 0 0 
1 0 0 1 0 1 1 1 1 0 0 0 0 

0 1 1 1 1 0 0 0 0 1 1 1 0 
0 1 1 1 1 1 1 1 1 0 0 1 0 
0 0 0 0 0 1 0 0 1 1 1 1 1 
1 1 0 0 1 1 1 1 1 1 1 1 0 
1 0 0 1 1 0 0 1 1 0 0 0 0 

0 1 0 1 1 0 0 1 1 1 1 1 1 
0 0 0 0 0 0 1 1 0 1 0 0 0 
0 1 0 1 1 0 0 0 0 0 0 0 0 
1 1 1 0 0 0 0 1 1 0 0 0 0 
0 0 0 1 1 1 1 1 1 1 1 0 0 

0 0 0 0 0 0 1 1 0 1 1 0 0 
1 1 1 1 1 1 1 0 0 0 0 0 0 
0 1 1 1 1 0 0 0 0 0 0 1 0 
1 0 1 1 0 1 1 1 1 0 1 1 0 
0 0 0 0 0 1 0 0 1 0 0 1 1 

0 0 0 1 1 0 0 0 0 1 0 0 0 
1 1 1 1 1 0 0 0 0 1 0 1 1 
1 1 1 1 0 1 1 0 0 1 1 1 1 
1 0 1 1 0 0 0 0 0 0 0 1 0 
0 1 1 1 1 0 0 0 0 0 1 1 0 

0 0 0 1 1 0 0 0 0 1 1 0 0 
0 0 0 1 1 1 1 1 1 0 0 0 0 
1 1 0 0 1 1 1 1 1 0 1 1 0 
0 1 1 1 1 1 0 0 1 1 1 0 0 
1 0 1 1 0 0 0 0 0 0 1 1 0 

0 0 0 0 0 1 0 0 0 0 1 1 0 
0 1 1 0 0 1 1 1 1 0 0 0 0 
0 0 0 1 0 1 1 1 1 1 1 1 1 
1 1 0 0 1 0 0 0 0 0 0 1 0 
1 0 0 0 0 1 0 0 0 1 1 1 1 

0 1 0 0 1 1 1 0 1 1 1 1 1 
1 0 0 0 1 1 0 0 0 0 1 0 0 
0 0 0 0 0 0 1 1 0 0 1 0 0 
0 0 0 1 0 1 1 0 0 0 0 0 0 
1 0 0 1 1 1 1 1 1 1 1 0 1 

0 0 0 1 1 0 0 1 1 1 1 1 1 
1 1 1 1 1 1 1 1 0 0 1 1 0 
1 1 0 0 1 0 0 0 0 0 1 1 0 
1 0 0 0 0 1 1 0 1 1 1 1 1 
1 1 1 1 1 0 0 0 0 0 0 1 1 

0 0 1 1 1 1 1 1 1 0 1 1 0 
0 1 1 0 0 0 0 1 1 1 1 1 1 
1 0 1 0 0 0 0 1 1 0 0 0 0 
0 1 1 1 1 1 0 0 1 0 0 0 0 
0 0 0 1 0 0 0 0 0 1 1 1 1 

0 0 0 1 1 0 0 0 0 0 1 0 0 
1 1 1 1 1 0 0 0 0 0 1 1 1 
1 0 0 0 0 1 0 0 0 0 0 1 1 
1 0 1 1 1 1 1 1 0 1 1 1 0 
1 0 0 0 0 0 1 1 0 0 0 0 1 

1 1 1 1 1 1 0 0 1 1 1 0 1 
0 0 0 0 0 0 0 1 1 1 0 0 1 
1 0 1 1 1 0 0 0 0 1 1 1 1 
0 1 1 0 1 1 1 1 1 1 0 0 1 
1 1 0 0 1 1 0 0 1 0 0 0 0 

1 0 0 0 0 1 1 0 0 0 0 1 0 
1 1 0 1 1 1 0 1 1 1 1 0 1 
0 0 1 0 0 1 1 1 1 0 0 0 0 
1 1 1 1 1 1 1 0 1 1 1 0 0 
1 0 0 0 0 1 1 0 0 0 1 1 0 

0 1 1 1 1 1 1 0 0 0 1 1 1 
1 1 1 0 0 0 0 0 0 0 0 0 1 
0 0 0 0 0 0 0 1 0 1 1 0 0 
1 0 0 0 1 0 0 0 0 0 1 1 0 
1 1 1 1 1 1 0 0 0 0 0 0 0 

1 0 0 1 1 0 1 1 1 1 1 1 1 
1 1 0 1 1 1 1 1 1 1 1 0 0 
1 0 0 1 1 0 1 0 0 0 0 0 0 
1 1 1 0 0 0 1 1 1 1 1 1 1 
0 0 1 1 1 1 1 0 0 1 1 1 1 

1 0 1 0 0 0 0 0 0 1 0 0 1 
0 0 0 0 0 0 0 1 1 0 0 0 1 
1 1 1 1 1 1 1 0 1 0 0 0 0 
1 1 1 0 0 0 1 0 0 0 0 0 0 

## rank = 14

0 0 0 1 1 0 0 0 1 1 0 0 0 
1 0 0 1 0 0 1 0 0 1 1 1 1 
0 0 1 1 0 0 1 1 0 1 0 0 0 
1 1 1 1 1 0 0 0 1 1 0 1 1 
1 0 0 1 1 0 1 0 0 0 1 0 0 

0 0 0 1 1 1 0 1 1 0 0 0 0 
0 1 0 0 1 1 0 0 1 1 0 1 1 
0 0 1 1 0 0 1 1 1 1 1 0 1 
1 1 1 0 0 0 0 1 0 0 0 1 1 
1 0 1 0 0 1 1 1 1 0 0 0 1 

1 1 1 1 1 1 1 0 1 0 1 0 0 
1 1 0 1 1 0 0 0 0 1 1 0 0 
0 1 1 0 0 1 0 1 1 0 0 0 0 
0 0 0 1 1 0 0 0 1 1 1 0 0 
0 0 1 1 0 0 1 1 0 1 1 0 0 

1 0 0 0 0 1 0 0 1 1 0 1 1 
0 0 0 0 1 1 1 0 0 0 1 1 0 
1 0 1 0 0 1 1 1 0 0 0 0 0 
0 0 1 1 0 0 0 1 0 0 0 0 1 
1 1 1 0 0 0 1 1 1 0 0 1 1 

1 0 0 1 1 1 0 1 1 1 1 0 1 
1 1 0 0 0 1 0 0 0 0 1 1 0 
0 1 1 0 1 0 0 0 0 0 0 0 1 
1 0 0 0 0 0 1 1 1 1 0 0 1 
1 0 0 0 0 0 0 1 0 1 1 0 1 

0 0 0 0 0 1 0 0 1 0 1 1 0 
1 0 0 0 1 1 1 0 0 1 1 1 1 
1 1 0 1 1 1 1 1 1 0 1 0 0 
1 0 0 0 1 1 0 0 1 0 1 0 0 
1 0 0 1 1 1 1 1 1 1 0 0 0 

0 1 1 1 1 0 1 1 0 1 0 0 1 
1 0 0 0 0 0 1 1 1 1 1 0 1 
0 0 0 1 0 1 1 1 1 1 1 1 0 
1 0 1 0 0 0 0 1 0 1 1 1 1 
1 0 0 0 0 1 0 0 0 1 1 1 0 

0 1 0 0 1 1 1 0 1 1 1 1 0 
0 1 1 1 0 0 0 1 1 1 0 0 1 
1 1 1 1 1 0 0 0 1 0 0 1 1 
0 1 0 0 1 1 0 0 1 0 0 1 1 
0 1 1 0 0 1 1 1 0 0 0 1 1 

1 0 1 1 0 0 1 1 0 1 0 0 1 
0 0 0 1 1 0 1 0 0 1 1 1 1 
1 0 1 0 0 0 1 1 1 1 1 1 1 
1 1 0 1 1 0 0 0 0 0 1 0 0 
1 0 0 0 0 1 1 0 1 1 1 1 0 

0 1 0 0 1 1 0 0 0 0 0 1 0 
0 0 1 1 0 0 1 1 0 0 1 0 0 
0 1 0 0 1 1 0 0 1 0 1 1 1 
0 1 1 0 0 0 1 0 0 1 1 1 1 
1 1 1 1 0 1 1 0 0 0 1 1 0 

0 1 1 0 0 1 1 1 0 0 1 1 1 
1 0 1 1 0 0 1 1 0 1 1 0 1 
1 0 0 0 0 0 1 1 1 0 0 0 1 
0 1 1 0 1 1 0 1 1 1 0 0 1 
0 0 0 1 0 0 0 0 0 1 1 1 0 

1 1 1 1 1 1 0 0 1 1 0 0 0 
1 0 1 0 0 0 0 1 0 0 0 1 1 
0 1 0 0 1 1 0 0 0 0 1 1 0 
0 1 1 1 1 1 0 0 0 0 0 1 1 
1 0 0 0 0 1 0 0 1 0 1 1 1 

1 1 0 0 0 0 0 1 1 1 0 0 1 
1 1 0 0 1 1 0 0 0 1 1 1 1 
0 0 0 0 1 1 0 0 1 1 1 1 1 
0 1 1 1 1 0 1 1 0 0 0 0 1 
0 1 0 1 1 1 1 0 0 0 0 0 0 

0 0 1 0 0 1 1 1 0 1 1 1 1 
0 0 0 1 0 1 1 1 1 0 1 1 0 
1 0 0 0 0 1 1 0 1 0 0 1 0 
0 1 0 0 1 1 1 0 1 0 1 1 0 
0 1 1 1 1 1 0 0 0 0 1 1 1 

0 1 1 0 0 0 1 0 0 0 0 1 1 
1 0 0 1 1 1 1 1 1 0 1 0 0 
1 0 1 1 1 0 0 0 0 1 1 1 0 
1 1 1 0 0 0 0 1 1 1 0 1 1 
1 0 1 1 0 0 1 1 0 0 0 0 1 

1 1 1 0 1 0 0 1 1 0 0 0 0 
1 0 1 0 0 0 1 1 0 0 0 1 0 
0 1 1 1 0 0 0 1 0 0 0 0 0 
0 1 1 1 1 1 1 0 0 0 0 1 0 
1 0 0 0 0 1 1 0 1 0 1 1 0 

1 1 0 1 1 1 0 1 1 1 1 0 0 
1 1 1 0 0 0 0 0 1 0 0 0 1 
0 0 0 0 0 0 0 1 1 1 1 0 0 
0 0 1 1 0 0 0 1 1 1 0 0 1 
1 0 0 1 0 1 1 0 0 0 1 0 0 

0 1 1 1 0 0 1 1 1 0 0 0 0 
0 0 1 1 1 0 1 1 0 1 1 0 1 
0 0 0 1 1 1 1 0 0 1 1 0 0 
1 1 1 1 0 0 1 1 1 1 0 0 1 
0 0 1 1 0 0 0 1 0 1 0 0 0 

0 1 0 0 0 1 1 1 1 1 0 0 1 
1 1 0 0 0 0 0 1 1 0 0 0 1 
0 0 1 0 0 0 1 0 0 1 1 1 1 
1 1 1 1 1 1 0 0 1 0 1 0 0 
1 0 1 1 0 1 1 0 0 0 1 1 0 

0 1 0 0 1 0 0 1 1 1 0 0 1 
0 0 0 0 0 0 1 1 0 1 0 1 1 
1 1 0 1 1 1 0 1 1 0 0 0 0 
0 0 1 1 1 1 1 0 0 1 1 1 0 
1 0 1 1 1 0 0 0 0 0 1 1 0 

1 1 0 0 1 1 1 0 1 0 1 1 1 
0 0 0 0 1 1 0 0 0 0 1 1 0 
1 1 1 0 0 0 0 1 1 0 0 1 1 
1 1 0 0 0 1 0 0 1 0 0 1 0 
1 0 0 0 1 1 0 0 0 1 1 1 1 

0 1 1 0 1 0 0 1 1 1 0 1 1 
1 1 0 0 1 1 1 0 0 0 1 1 0 
1 1 1 1 1 1 1 0 0 0 0 1 1 
0 0 0 1 1 1 1 1 0 1 1 1 0 
0 0 1 0 0 0 1 0 0 0 0 1 1 

0 1 1 1 1 0 0 1 0 1 0 0 1 
1 0 0 0 0 0 0 1 1 1 1 0 1 
1 0 0 0 1 1 1 0 1 1 1 1 1 
0 1 0 1 1 1 0 0 1 1 1 0 1 
0 1 0 0 1 1 0 0 1 1 1 1 0 

0 0 0 1 0 1 1 0 0 1 1 1 1 
0 0 0 1 1 1 1 0 0 0 1 0 0 
0 1 0 0 0 1 1 1 1 0 0 0 1 
0 1 1 0 0 0 0 0 0 1 0 1 1 
1 0 0 1 1 1 0 1 1 1 1 0 0 

1 0 0 0 0 0 1 1 1 1 0 0 0 
1 0 1 1 0 0 0 1 0 1 0 0 1 
0 1 1 1 1 0 0 1 0 1 1 0 1 
1 1 1 0 1 0 0 0 0 1 0 0 1 
1 1 0 1 1 0 0 0 1 0 0 0 0 

1 0 1 0 0 0 0 1 1 1 1 1 1 
1 1 1 1 0 0 1 1 0 0 0 0 0 
1 0 0 0 0 1 0 0 1 1 1 1 0 
0 0 1 1 0 0 1 1 1 0 0 0 0 
0 0 1 1 1 1 1 0 0 0 1 1 0 

0 1 1 1 1 0 1 1 0 1 0 0 0 
1 0 0 0 0 0 1 1 1 1 1 0 0 
1 0 1 1 0 0 1 1 1 1 0 0 1 
0 1 0 1 1 1 1 0 1 1 1 0 0 
1 0 0 1 0 0 1 0 0 0 1 1 0 

0 0 0 0 0 0 1 1 0 0 1 1 1 
0 1 1 1 1 1 0 0 0 1 1 1 0 
1 1 1 0 1 1 1 1 1 0 0 0 1 
0 1 0 0 1 1 0 0 1 0 0 1 0 
0 0 0 0 1 0 0 1 1 1 0 0 1 

1 0 0 1 1 0 0 0 1 1 0 0 0 
1 0 0 1 1 1 0 1 1 0 0 0 0 
1 1 0 0 1 1 0 0 1 1 0 1 1 
1 0 1 1 0 0 1 1 0 1 0 0 0 
1 0 1 1 0 0 1 1 1 1 1 0 1 

0 1 1 1 1 0 0 1 0 0 0 0 1 
0 1 0 1 1 1 0 0 0 0 0 0 0 
0 0 1 0 0 1 1 1 1 1 0 1 1 
0 1 0 0 1 1 0 0 1 0 1 1 0 
1 1 1 0 0 1 0 1 1 0 0 0 0 

1 0 0 1 1 0 0 0 1 1 1 0 0 
1 0 1 1 0 0 1 1 0 1 1 0 0 
0 0 0 0 0 1 1 1 0 1 1 0 0 
1 0 0 0 1 1 1 0 0 0 1 1 0 
1 0 1 1 0 0 0 1 0 0 0 0 1 

0 1 1 1 1 0 1 1 1 0 0 0 1 
0 1 0 1 1 1 1 0 1 0 0 0 0 
1 1 1 0 1 0 0 0 0 0 0 0 1 
0 1 1 1 1 1 0 0 0 0 0 1 0 
1 0 0 0 0 1 0 0 1 0 1 1 0 

0 1 1 0 0 0 0 0 0 0 1 1 1 
0 1 1 1 0 0 1 1 0 1 0 1 1 
0 0 1 0 0 0 0 0 0 1 0 1 1 
1 1 1 1 1 0 1 1 0 1 0 0 1 
0 1 1 1 0 0 0 1 1 0 0 0 0 

0 1 1 1 1 1 1 0 1 0 0 1 0 
0 1 1 1 1 1 0 0 0 0 1 1 0 
1 0 0 1 0 1 1 1 1 1 1 1 0 
0 1 1 0 0 0 1 0 0 0 0 1 0 
0 0 1 1 1 0 1 1 1 1 0 0 1 

1 1 0 0 1 1 1 0 1 1 1 1 0 
0 0 0 1 1 1 0 0 0 1 1 0 0 
0 1 0 1 1 0 0 0 1 1 1 1 1 
1 1 1 1 0 0 0 1 1 1 0 0 1 
1 1 0 0 1 1 0 0 1 0 0 1 1 

0 1 1 1 1 0 1 1 0 0 1 0 0 
1 1 1 0 0 1 1 1 0 0 0 1 1 
1 0 0 1 1 0 1 0 0 1 1 1 1 
0 0 1 0 0 1 1 1 1 0 0 1 1 
0 0 0 0 0 0 0 1 0 1 0 1 1 

0 1 0 1 1 0 0 0 0 1 1 1 0 
0 0 0 1 1 1 1 0 1 1 1 0 0 
1 1 0 0 1 1 0 0 0 0 0 1 0 
1 0 1 1 0 0 1 1 0 0 1 0 0 
1 1 0 0 1 1 0 0 1 0 1 1 1 

0 1 1 0 0 1 0 1 1 1 0 1 1 
0 0 0 0 0 1 1 1 0 0 1 0 0 
1 1 1 0 0 0 1 0 0 1 1 1 1 
0 1 1 0 1 1 0 1 1 0 0 0 0 
1 1 1 0 0 1 1 1 0 0 1 1 1 

0 0 1 0 0 1 1 1 1 0 1 1 1 
0 0 1 1 1 0 1 1 0 1 1 0 0 
0 0 0 0 0 0 1 1 1 1 0 1 1 
1 1 1 0 1 1 0 1 1 1 0 0 1 
1 0 0 1 0 0 0 0 0 1 1 1 0 

1 1 0 0 1 1 0 0 0 0 1 1 0 
1 1 1 1 1 1 0 0 0 0 0 1 1 
0 1 1 1 0 0 1 1 0 0 0 1 1 
1 0 0 0 1 1 0 0 1 1 1 1 1 
1 1 1 1 1 0 1 1 0 0 0 0 1 

1 1 0 1 1 1 1 0 0 0 0 0 0 
1 0 1 0 0 1 1 1 0 1 1 1 1 
1 0 0 1 0 1 1 1 1 0 1 1 0 
0 0 0 1 1 1 1 0 1 0 0 0 0 
1 1 0 0 1 1 1 0 1 0 1 1 0 

0 1 0 0 0 0 0 0 1 1 0 0 1 
0 0 0 1 1 1 0 0 0 0 1 0 0 
1 1 1 1 1 1 0 0 0 0 1 1 1 
0 1 1 1 0 0 1 1 0 0 1 1 1 
1 1 1 0 0 0 1 0 0 0 0 1 1 

0 0 0 0 0 0 1 1 0 1 1 1 0 
0 0 1 0 0 0 0 0 0 0 1 1 1 
0 0 1 1 0 0 1 1 0 1 0 1 1 
0 0 1 1 1 0 1 1 0 0 0 0 0 
0 1 1 0 0 1 1 0 1 0 0 0 0 

1 1 1 1 0 0 0 1 0 0 0 0 0 
0 1 0 1 1 0 0 0 0 0 1 1 0 
1 1 1 1 1 1 1 0 0 0 0 1 0 
0 0 1 1 0 0 0 1 1 0 0 0 0 
0 1 1 0 1 0 0 0 1 0 0 0 0 

0 1 1 1 1 0 0 1 0 1 0 0 0 
0 1 1 0 0 1 0 1 1 0 0 1 1 
1 0 0 0 0 0 0 1 1 1 1 0 0 
1 0 1 1 0 0 0 1 1 1 0 0 1 
0 0 0 1 1 0 0 0 1 1 1 1 1 

0 0 0 0 0 1 0 1 1 1 0 0 1 
0 1 0 1 1 1 0 0 1 1 1 0 0 
0 0 0 0 0 0 1 1 1 0 0 1 1 
1 1 1 1 0 0 1 1 1 0 0 0 0 
0 1 1 1 0 0 0 0 0 1 0 0 1 

1 0 1 1 1 0 1 1 0 1 1 0 1 
1 0 0 1 1 1 1 0 0 1 1 0 0 
0 1 1 0 0 0 0 0 1 1 1 1 1 
1 0 1 1 0 0 0 1 0 1 0 0 0 
0 0 0 1 1 0 0 0 0 1 1 1 0 

0 0 1 0 0 0 1 0 0 0 1 1 0 
0 1 1 1 1 0 1 1 1 1 0 0 0 
0 1 1 1 1 0 0 1 0 1 1 0 0 
1 1 0 0 0 1 1 1 1 1 0 0 1 
0 1 0 0 1 0 0 1 1 0 0 0 0 

0 0 0 0 0 1 0 1 1 1 1 0 1 
1 0 1 0 0 0 1 0 0 1 1 1 1 
1 1 0 0 1 0 0 1 1 1 0 0 1 
1 0 0 0 0 0 1 1 0 1 0 1 1 
0 1 1 1 0 1 1 1 1 0 0 0 1 

0 1 1 0 0 1 1 1 1 0 0 1 0 
1 0 1 1 1 1 1 0 0 1 1 1 0 
0 0 0 1 1 1 1 1 1 0 1 1 0 
0 1 0 0 0 0 0 1 1 1 1 1 1 
1 0 0 0 1 1 0 0 0 0 1 1 0 

0 0 0 0 0 0 1 1 0 0 1 1 0 
0 1 1 1 1 0 0 1 1 0 0 0 1 
0 0 1 1 0 0 1 1 0 0 0 1 1 
0 1 0 1 1 1 0 0 1 0 0 0 0 
0 1 1 1 0 1 1 1 0 0 0 0 0 

0 0 0 0 1 0 0 1 1 1 0 0 0 
1 1 1 0 1 0 0 1 1 1 0 1 1 
0 1 1 0 0 1 1 1 1 0 1 1 0 
0 1 1 0 0 0 0 0 1 0 0 1 1 
1 0 0 1 1 1 1 1 0 1 1 1 0 

0 0 0 0 0 1 0 1 1 0 0 0 1 
0 0 1 1 0 0 1 1 0 0 1 1 1 
1 0 1 0 0 0 1 0 0 0 0 1 1 
0 0 0 1 0 1 1 0 0 0 1 1 0 
1 1 1 1 1 0 0 1 0 1 0 0 1 

0 1 1 1 1 1 0 0 1 0 0 1 0 
0 1 1 1 0 0 0 0 0 0 0 0 1 
0 0 1 1 1 0 0 1 1 1 0 0 1 
1 1 0 1 1 1 0 0 1 1 1 0 1 
1 1 0 0 1 1 0 0 1 1 1 1 0 

1 0 0 1 0 1 1 0 0 1 1 1 1 
1 0 0 1 1 1 1 0 0 0 1 0 0 
0 1 1 1 0 0 0 1 0 1 1 1 1 
0 0 0 1 1 0 0 0 0 0 1 1 0 
1 1 1 0 0 0 0 0 0 1 0 1 1 

1 1 0 0 0 1 1 1 1 0 0 0 1 
0 0 0 0 0 0 0 0 1 1 1 0 1 
1 1 1 1 1 0 0 1 0 1 1 0 1 
0 1 1 1 1 1 0 0 1 0 1 1 0 
0 0 1 1 1 0 0 1 1 1 1 0 1 

0 1 1 0 0 0 0 0 0 0 1 1 0 
0 0 0 1 1 1 0 0 1 1 1 0 0 
1 0 1 1 0 0 1 1 1 0 0 0 0 
1 0 1 1 1 1 1 0 0 0 1 1 0 
1 1 1 1 1 0 1 1 0 1 0 0 0 

0 1 1 1 0 0 1 0 0 0 0 0 0 
1 1 0 1 1 1 1 0 1 1 1 0 0 
0 0 0 0 0 0 0 1 1 1 0 1 1 
1 0 0 0 0 0 1 1 0 0 1 1 1 
1 1 1 1 1 1 0 0 0 1 1 1 0 

1 1 0 0 1 1 0 0 1 0 0 1 0 
1 0 0 0 1 0 0 1 1 1 0 0 1 
0 0 1 1 0 0 0 0 0 1 1 0 1 
0 0 1 1 0 1 1 1 1 0 0 0 1 
0 0 1 0 0 1 1 1 1 0 0 1 0 

0 0 0 1 0 0 0 1 0 1 0 0 1 
0 0 1 1 1 0 1 1 1 1 1 0 0 
1 1 1 1 1 0 0 1 0 0 0 0 1 
1 1 0 1 1 1 0 0 0 0 0 0 0 
1 0 1 0 0 1 1 1 1 1 0 1 1 

0 0 0 1 1 1 0 0 1 0 0 0 0 
1 1 0 0 1 1 0 0 1 0 1 1 0 
0 0 1 1 0 1 1 1 0 0 0 0 0 
0 1 1 1 0 0 1 1 1 0 0 1 1 
0 1 1 0 1 1 1 0 0 0 0 0 0 

0 0 1 0 0 1 1 1 1 0 1 1 0 
1 0 0 0 0 1 1 1 0 1 1 0 0 
1 1 1 1 1 0 1 1 1 0 0 0 1 
0 1 0 0 1 0 0 0 0 1 1 0 1 
0 0 1 1 1 0 0 1 0 0 0 0 0 

0 1 1 0 0 1 0 0 1 0 0 0 0 
0 1 0 0 1 1 1 1 1 0 0 0 1 
1 1 0 1 1 1 1 0 1 0 0 0 0 
0 1 1 0 1 0 0 0 0 1 0 1 1 
1 1 1 1 1 1 0 0 0 0 0 1 0 

0 0 0 1 0 0 1 1 0 1 0 0 0 
1 1 1 0 0 0 0 0 0 0 1 1 1 
1 1 1 1 0 0 1 1 0 1 0 1 1 
0 0 1 1 0 0 1 1 1 1 0 1 1 
0 0 1 1 0 0 0 1 0 1 1 1 1 

0 0 1 1 1 0 1 1 1 0 0 0 0 
1 0 1 0 0 0 0 0 0 1 0 1 1 
0 0 0 0 0 0 0 1 1 0 0 1 1 
1 1 1 1 0 0 0 1 1 0 0 0 0 
1 1 1 1 1 1 1 0 1 0 0 1 0 

1 1 1 1 1 1 0 0 0 0 1 1 0 
0 1 0 0 0 1 0 1 1 0 0 0 0 
1 0 1 1 1 0 1 1 1 1 0 0 1 
1 1 1 0 0 0 1 0 0 0 0 1 0 
0 0 0 0 1 1 1 1 1 1 0 0 1 

1 0 0 1 1 1 0 0 0 1 1 0 0 
0 0 0 1 0 0 1 1 0 1 1 0 0 
1 1 0 1 1 0 0 0 1 1 1 1 1 
0 1 1 1 1 0 0 1 1 1 0 0 0 
1 1 1 1 1 0 1 1 0 0 1 0 0 

1 0 1 0 0 1 1 1 1 0 0 1 1 
1 0 0 0 0 0 0 1 0 1 0 1 1 
1 1 0 1 1 0 0 0 0 1 1 1 0 
1 0 0 1 1 1 1 0 1 1 1 0 0 
0 0 0 0 1 1 1 1 1 1 1 0 1 

0 1 1 0 0 1 1 0 0 0 0 1 1 
0 0 0 0 0 1 0 1 1 1 0 0 0 
0 0 1 1 0 0 1 1 0 1 1 1 0 
0 1 1 1 1 0 0 1 1 1 1 0 0 
1 0 0 0 0 1 1 1 0 0 1 0 0 

1 1 1 0 0 1 0 1 1 1 0 1 1 
1 1 1 0 1 1 0 1 1 0 0 0 0 
0 1 1 0 1 0 0 0 0 0 0 1 1 
1 0 1 0 0 1 1 1 1 0 1 1 1 
1 0 1 1 1 0 1 1 0 1 1 0 0 

1 0 0 0 0 0 1 1 1 1 0 1 1 
0 0 1 1 0 0 1 0 0 0 1 0 0 
0 1 0 1 1 1 0 0 0 1 1 1 1 
0 1 1 0 0 1 1 0 0 0 1 1 1 
0 0 0 0 0 1 0 1 1 1 1 0 0 

1 1 1 1 0 0 1 1 0 0 0 1 1 
0 1 1 0 1 0 0 0 0 0 1 1 1 
0 0 0 0 1 0 0 0 0 1 1 0 1 
1 0 0 1 1 1 1 0 1 0 0 0 0 
1 0 0 1 1 1 0 0 0 0 1 0 0 

1 1 0 0 0 0 0 0 1 1 0 0 1 
0 0 0 1 0 0 1 1 0 0 1 0 0 
0 1 1 1 0 0 0 1 1 1 0 1 1 
0 0 1 1 0 0 1 1 0 0 0 1 0 
1 1 1 1 0 0 1 1 0 0 1 1 1 

0 0 1 0 0 1 1 0 0 1 1 1 1 
1 0 0 0 0 0 1 1 0 1 1 1 0 
1 0 1 0 0 0 0 0 0 0 1 1 1 
1 0 1 1 0 0 1 1 0 1 0 1 1 
0 1 0 0 1 1 0 1 1 1 0 0 1 

1 1 1 0 0 1 1 0 1 0 0 0 0 
1 0 1 1 1 0 1 1 0 0 0 0 0 
0 1 0 1 1 1 1 0 0 1 1 1 0 
1 1 0 1 1 0 0 0 0 0 1 1 0 
0 0 1 1 0 1 1 1 1 1 0 0 0 

1 0 1 1 0 0 0 1 1 0 0 0 0 
0 0 1 1 0 0 1 1 0 0 1 1 0 
1 1 1 0 1 0 0 0 1 0 0 0 0 
1 1 1 0 0 1 0 1 1 0 0 1 1 
1 1 1 1 1 0 0 1 0 1 0 0 0 

1 0 0 1 1 0 0 0 1 1 1 1 1 
1 0 0 0 0 1 0 1 1 1 0 0 1 
1 1 0 1 1 1 0 0 1 1 1 0 0 
0 1 0 0 1 1 0 1 1 1 1 0 1 
1 0 0 0 0 0 1 1 1 0 0 1 1 

1 1 1 1 0 0 0 0 0 1 0 0 1 
0 0 1 1 0 1 1 1 1 1 1 0 0 
1 1 1 0 0 0 0 0 1 1 1 1 1 
1 0 0 1 1 0 0 0 0 1 1 1 0 
1 0 1 0 0 0 1 0 0 0 1 1 0 

1 1 1 1 1 0 1 1 1 1 0 0 0 
1 1 1 1 1 0 0 1 0 1 1 0 0 
0 1 0 0 1 1 1 1 1 1 0 0 0 
1 1 0 0 1 0 0 1 1 0 0 0 0 
1 0 0 0 0 1 0 1 1 1 1 0 1 

1 1 1 1 0 1 1 1 1 0 0 0 1 
1 1 1 0 0 1 1 1 1 0 0 1 0 
0 1 1 0 1 1 0 0 0 0 0 0 0 
0 0 0 1 0 0 0 1 1 1 0 0 1 
1 0 0 1 1 1 1 1 1 0 1 1 0 

0 1 0 0 1 1 1 1 1 1 1 0 0 
1 1 0 0 0 0 0 1 1 1 1 1 1 
0 0 0 1 1 1 0 0 0 1 1 1 1 
0 1 0 0 1 0 0 0 1 1 0 0 1 
1 0 0 0 0 0 1 1 0 0 1 1 0 

1 1 1 1 1 0 0 1 1 0 0 0 1 
1 0 1 1 0 0 1 1 0 0 0 1 1 
1 1 0 1 1 1 0 0 1 0 0 0 0 
0 0 0 0 0 1 1 1 0 0 0 1 1 
1 1 1 1 0 1 1 1 0 0 0 0 0 

0 1 0 1 1 1 1 0 0 0 1 1 0 
1 0 0 0 1 0 0 1 1 1 0 0 0 
0 0 1 1 0 0 0 0 0 1 1 0 0 
1 1 1 0 0 1 1 1 1 0 1 1 0 
0 1 1 0 0 1 0 0 0 1 1 1 1 

1 1 1 0 0 0 0 0 1 0 0 1 1 
0 1 1 0 1 1 1 0 1 0 0 0 0 
1 0 0 0 0 1 0 1 1 0 0 0 1 
1 0 1 1 0 0 1 1 0 0 1 1 1 
0 0 1 1 1 0 0 1 1 0 0 0 0 

1 0 0 1 0 1 1 0 0 0 1 1 0 
0 0 0 0 0 1 1 1 0 0 1 1 1 
0 1 1 0 1 1 0 1 1 0 0 1 1 
1 1 1 1 1 1 0 0 1 0 0 1 0 
1 1 1 1 0 0 0 0 0 0 0 0 1 

1 0 1 1 1 0 0 1 1 1 0 0 1 
0 0 1 1 0 1 1 1 1 0 1 0 0 
0 0 0 1 0 0 0 1 0 1 1 0 0 
0 0 0 1 1 1 1 0 0 1 1 1 0 
1 1 1 1 0 0 0 1 0 1 1 1 1 

0 1 0 0 0 1 1 1 1 1 0 1 1 
1 0 0 1 1 0 0 0 0 0 1 1 0 
0 1 0 0 1 0 0 0 0 1 1 0 0 
1 0 0 0 0 0 0 0 1 1 1 0 1 
0 0 1 1 0 0 0 1 1 1 1 1 1 

0 1 1 0 1 0 0 0 1 1 1 1 1 
1 1 1 1 1 1 0 0 1 0 1 1 0 
1 0 1 1 1 0 0 1 1 1 1 0 1 
1 1 1 0 0 0 0 0 0 0 1 1 0 
1 0 0 1 1 1 0 0 1 1 1 0 0 

0 1 1 0 0 1 0 0 0 0 0 1 1 
0 1 0 0 1 1 1 1 1 0 1 0 0 
0 1 0 0 1 0 0 0 1 0 0 0 1 
0 1 1 0 1 1 1 1 1 0 0 1 0 
1 1 1 1 0 0 1 0 0 0 0 0 0 

1 0 0 0 0 0 0 1 1 1 0 1 1 
0 0 0 0 1 1 1 1 1 1 0 0 0 
0 1 0 0 1 0 0 1 1 1 1 1 1 
0 1 1 0 0 1 1 0 1 0 0 1 1 
0 1 0 0 0 0 0 0 0 1 0 1 1 

1 0 1 1 0 0 0 0 0 1 1 0 1 
1 0 1 1 0 1 1 1 1 0 0 0 1 
1 0 1 0 0 1 1 1 1 0 0 1 0 
1 0 0 1 0 0 0 1 0 1 0 0 1 
0 0 0 0 0 0 1 0 0 0 1 1 1 

1 0 1 1 1 0 1 1 1 1 1 0 0 
0 1 1 1 1 0 0 1 0 1 0 1 1 
0 0 0 0 1 1 1 1 1 1 1 0 0 
0 1 1 0 0 1 1 0 0 0 0 1 0 
0 0 0 0 1 0 0 0 1 1 0 0 1 

0 1 1 0 0 1 1 0 1 0 1 1 1 
0 0 0 1 0 0 1 1 1 0 0 0 0 
1 0 0 1 1 1 0 0 1 0 0 0 0 
0 1 1 1 1 0 1 0 0 1 1 0 0 
1 0 1 1 0 1 1 1 0 0 0 0 0 

1 1 1 1 0 0 1 1 1 0 0 1 1 
0 0 0 1 1 1 1 0 0 0 1 1 0 
0 1 0 0 0 1 1 1 1 0 0 1 1 
0 1 1 1 1 1 1 1 0 0 1 0 0 
1 1 1 0 1 1 1 0 0 0 0 0 0 

0 1 1 0 1 0 0 0 0 0 0 1 0 
1 0 1 0 0 1 1 1 1 0 1 1 0 
1 0 1 1 1 0 0 1 0 0 0 0 0 
1 1 1 0 0 1 0 0 1 0 0 0 0 
1 1 0 0 1 1 1 1 1 0 0 0 1 

1 1 1 0 1 0 0 0 0 1 0 1 1 
0 1 1 0 0 1 1 0 0 0 1 1 0 
1 1 0 0 1 0 0 0 0 1 1 0 1 
0 0 0 0 0 1 1 0 0 1 1 0 0 
1 0 0 1 0 0 1 1 0 1 0 0 0 

0 1 0 0 0 1 1 1 1 0 1 1 1 
0 1 1 0 1 0 0 0 0 0 1 1 0 
1 0 1 1 0 0 1 1 1 1 0 1 1 
0 0 1 1 1 1 1 1 0 1 1 0 0 
1 0 1 1 0 0 0 1 0 1 1 1 1 

1 0 1 1 1 0 1 1 1 0 0 0 0 
1 0 0 0 0 0 0 1 1 0 0 1 1 
0 0 1 1 1 0 0 0 0 1 0 0 1 
1 1 0 0 0 1 0 1 1 0 0 0 0 
1 0 0 0 1 1 1 1 1 1 0 0 1 

0 1 1 1 0 1 1 1 0 0 0 1 1 
1 0 0 1 0 0 1 1 0 1 1 0 0 
1 1 1 1 1 0 0 1 1 1 0 0 0 
0 1 1 1 1 0 0 1 0 0 0 1 1 
0 0 0 0 1 1 1 1 1 0 1 0 0 

0 0 1 1 1 0 0 0 0 1 1 0 1 
0 1 1 1 0 0 1 0 0 1 1 1 1 
0 0 1 0 0 0 1 1 0 0 0 0 1 
0 1 1 1 1 0 1 0 0 0 1 0 0 
1 0 0 0 1 1 1 1 1 1 1 0 1 

0 1 0 0 0 0 0 0 0 0 1 1 1 
1 1 1 0 0 1 1 0 0 0 0 1 1 
0 0 0 0 1 0 0 1 1 1 1 1 1 
1 1 1 1 1 0 0 1 1 1 1 0 0 
1 0 0 0 0 1 0 1 1 1 0 0 0 

1 0 1 1 0 0 1 1 0 1 1 1 0 
0 0 0 0 0 1 1 1 0 1 1 1 0 
0 0 1 1 1 1 1 1 0 0 0 0 0 
1 1 1 0 1 0 0 0 0 0 0 1 1 
1 0 1 1 0 0 1 0 0 0 1 0 0 

1 1 0 1 1 1 0 0 0 1 1 1 1 
0 1 1 0 1 1 0 0 1 0 0 0 0 
0 0 1 0 0 1 1 0 0 0 0 1 0 
1 1 1 0 0 1 1 0 0 0 1 1 1 
1 0 0 0 0 1 0 1 1 1 1 0 0 

0 0 0 1 1 1 0 0 1 1 1 1 1 
0 1 1 1 1 0 1 1 0 0 0 1 0 
0 1 0 1 1 1 1 0 1 0 1 1 0 
1 1 1 0 1 0 0 0 0 0 1 1 1 
0 0 0 1 1 0 1 1 1 1 1 0 1 

1 0 0 0 1 0 0 0 0 1 1 0 1 
0 0 1 1 1 0 0 1 0 1 1 1 1 
0 0 0 1 0 0 0 1 1 1 0 0 0 
0 1 1 0 0 1 0 0 1 1 1 1 1 
0 0 1 0 0 1 1 0 0 0 1 1 0 

0 1 0 0 1 0 0 0 1 1 0 0 0 
1 0 0 1 0 0 1 1 0 0 1 0 0 
1 0 1 1 0 0 1 1 0 0 0 1 0 
1 1 1 1 0 0 0 1 1 1 0 1 1 
0 1 0 0 1 1 0 1 1 0 0 0 0 

0 0 0 0 0 1 1 1 0 0 0 1 0 
0 1 1 1 1 0 1 1 0 0 1 1 0 
1 0 1 0 0 1 1 0 0 1 1 1 1 
0 0 0 1 1 0 1 1 0 1 1 0 0 
1 1 0 0 1 1 0 1 1 1 0 0 1 

1 1 0 1 1 1 1 0 0 1 1 1 0 
0 1 0 0 0 1 0 0 1 0 0 0 1 
0 0 0 1 1 1 1 0 1 1 1 1 0 
1 0 1 1 0 1 1 1 1 1 0 0 0 
0 1 0 0 0 1 0 1 1 1 1 1 1 

0 1 1 1 1 0 0 0 1 1 0 0 1 
0 0 0 0 0 0 1 0 0 1 1 1 0 
1 0 1 1 0 0 1 1 0 0 1 1 0 
0 0 0 0 0 1 1 1 0 0 1 1 0 
0 0 1 1 1 0 1 0 0 0 0 0 0 

0 1 1 1 1 1 0 1 1 0 0 0 1 
0 1 1 0 0 0 0 1 0 0 0 0 1 
1 1 0 0 1 1 0 1 1 1 1 0 1 
0 0 1 1 1 0 1 1 0 1 1 1 0 
0 1 1 0 0 1 0 0 1 0 0 1 1 

1 0 1 1 0 1 1 1 1 1 1 0 0 
0 0 0 0 0 1 0 0 1 1 0 0 1 
0 1 1 1 1 0 0 0 1 1 1 0 1 
0 0 1 1 0 0 1 0 0 1 1 1 1 
0 0 1 1 0 1 1 1 0 0 1 1 1 

1 1 0 0 1 1 1 1 1 1 0 0 0 
0 1 0 1 1 0 0 1 1 1 0 0 1 
0 1 1 0 1 1 1 0 0 0 1 1 1 
0 1 0 0 0 1 1 0 1 0 0 0 0 
0 0 0 1 1 0 1 1 0 0 0 0 0 

0 1 1 0 0 1 0 0 0 0 0 1 0 
0 0 1 0 0 0 0 1 0 1 0 0 1 
1 1 1 0 1 1 0 0 0 0 0 0 0 
0 0 0 0 0 1 0 0 1 1 1 0 1 
0 1 1 0 0 0 1 1 0 0 0 0 0 

1 0 0 1 0 0 0 1 1 1 0 0 1 
1 1 0 0 1 1 1 1 1 1 1 0 0 
0 1 0 1 1 0 0 1 1 1 1 0 1 
1 0 0 1 1 1 0 0 0 1 1 1 1 
0 0 0 1 0 0 1 1 0 1 1 1 1 

1 1 0 0 1 0 0 0 1 1 0 0 1 
1 0 0 0 0 1 1 1 0 0 0 1 1 
1 1 0 1 1 1 1 0 0 0 1 1 0 
1 0 1 1 0 0 0 0 0 1 1 0 0 
0 1 0 0 0 0 0 0 1 1 1 1 1 

1 1 1 0 0 1 0 0 0 1 1 1 1 
1 1 1 0 1 1 1 0 1 0 0 0 0 
0 1 1 1 1 0 0 0 1 0 0 0 1 
0 1 1 1 0 1 1 0 0 0 0 0 0 
0 0 0 0 0 1 0 1 1 1 0 1 1 

0 0 1 1 1 1 1 1 1 1 0 0 0 
0 0 0 0 1 1 0 1 1 0 0 0 0 
0 1 0 1 1 1 0 0 1 1 1 1 0 
1 0 0 0 0 1 1 1 0 0 1 1 1 
1 1 1 0 1 1 0 1 1 0 0 1 1 

1 0 1 1 1 0 0 1 1 0 0 0 0 
0 1 0 0 0 1 1 1 1 0 0 1 0 
0 1 1 1 0 0 0 0 0 1 0 1 1 
0 0 0 0 0 1 1 0 1 1 1 0 0 
1 0 1 1 0 1 1 1 1 0 1 0 0 

1 0 0 1 0 0 0 1 0 1 1 0 0 
1 0 0 1 1 1 1 0 0 1 1 1 0 
1 1 0 0 0 1 1 1 1 1 0 1 1 
1 1 0 0 1 0 0 0 0 1 1 0 0 
1 0 1 1 0 0 0 1 1 1 1 1 1 

0 0 0 0 1 0 0 0 1 1 1 0 0 
1 1 1 0 1 0 0 0 1 1 1 1 1 
0 1 0 0 0 1 1 1 1 0 1 1 0 
0 1 0 0 0 0 0 0 1 0 0 1 1 
1 1 1 0 0 1 0 0 0 0 0 1 1 

0 0 0 1 0 1 1 1 1 1 0 0 1 
0 0 1 1 1 0 0 0 0 1 0 0 0 
1 1 0 0 1 1 1 1 1 0 1 0 0 
1 1 1 0 1 1 1 1 1 0 0 1 0 
1 1 0 0 1 0 0 0 1 0 0 0 1 

0 1 1 1 1 0 0 1 1 0 0 1 1 
1 0 0 0 1 1 1 1 1 1 0 0 0 
0 0 0 1 1 0 0 1 1 1 0 0 1 
1 1 0 0 1 0 0 1 1 1 1 1 1 
1 1 1 0 0 1 1 0 1 0 0 1 1 

1 1 0 0 0 0 0 0 0 1 0 1 1 
0 0 0 1 0 1 1 1 1 1 1 0 1 
0 0 1 1 1 0 0 0 0 1 1 0 0 
0 0 0 0 0 0 0 0 1 1 0 1 1 
1 0 0 0 0 0 1 0 0 0 1 1 1 

0 1 1 0 0 0 0 1 1 1 0 0 1 
0 0 0 1 1 0 0 1 0 1 0 0 0 
0 1 1 0 1 1 0 0 0 1 1 1 1 
0 0 0 0 0 1 0 1 1 0 0 1 1 
1 1 1 1 1 0 0 1 0 1 0 1 1 

0 1 1 1 0 1 1 1 0 0 1 1 0 
1 0 0 0 1 1 1 1 1 1 1 0 0 
0 0 0 1 1 0 0 1 1 1 1 0 1 
1 1 1 0 0 1 1 0 0 0 0 1 0 
0 1 1 1 0 0 0 0 0 0 0 1 1 

1 0 0 0 1 0 0 0 1 1 0 0 1 
0 0 0 0 0 1 1 0 1 0 1 0 0 
1 1 1 0 0 1 1 0 1 0 1 1 1 
1 0 0 1 0 0 1 1 1 0 0 0 0 
0 1 1 1 1 1 0 1 1 1 0 0 0 

1 0 0 1 1 1 1 0 0 0 1 1 0 
1 1 1 1 1 1 1 1 0 0 1 0 0 
1 1 1 1 1 0 1 0 0 1 1 0 0 
1 1 0 0 0 1 1 1 1 0 0 1 1 
1 1 1 0 1 0 0 0 0 0 0 1 0 

0 0 1 1 1 1 1 1 1 0 1 0 0 
0 0 0 1 1 0 0 1 0 1 1 0 0 
0 0 1 1 0 1 1 0 0 0 0 0 0 
1 1 1 0 0 1 1 0 0 0 1 1 0 
0 1 1 1 0 0 0 0 0 0 1 1 1 

1 0 0 0 0 1 1 0 0 1 1 0 0 
0 0 0 1 0 0 0 0 0 1 1 0 1 
0 0 1 1 0 1 1 1 0 1 1 1 0 
1 1 0 0 0 1 1 1 1 0 1 1 1 
0 0 1 1 0 0 0 0 0 1 0 1 1 

1 1 1 0 1 0 0 0 0 0 1 1 0 
0 0 0 1 1 0 1 1 1 1 1 0 0 
1 0 1 1 1 1 1 1 0 1 1 0 0 
1 0 1 1 1 0 0 0 0 1 0 0 1 
0 0 0 1 0 1 1 1 0 0 0 0 0 

1 1 1 1 0 1 1 1 0 0 0 1 1 
0 1 0 0 1 1 1 0 0 0 0 0 0 
0 0 1 1 1 0 0 0 0 0 1 0 0 
0 0 1 1 0 1 1 1 1 0 0 1 1 
0 1 1 0 0 0 0 1 1 0 0 0 1 

0 1 1 0 1 1 1 0 1 0 0 1 1 
0 1 0 0 1 0 0 0 0 1 0 1 1 
1 1 1 1 1 0 0 1 0 0 0 1 1 
1 0 1 1 1 0 0 0 0 1 1 0 1 
1 0 0 0 1 1 1 1 1 0 1 0 0 

0 0 0 1 0 0 1 0 0 1 1 0 0 
0 1 1 1 1 0 0 0 1 1 0 0 0 
1 1 1 1 0 0 1 0 0 1 1 1 1 
1 0 1 0 0 0 1 1 0 0 0 0 1 
1 1 1 1 1 0 1 0 0 0 1 0 0 

1 1 0 0 0 0 0 0 0 0 1 1 1 
1 0 0 0 1 0 0 1 1 1 1 1 1 
0 1 0 0 0 1 1 0 0 1 1 1 1 
1 0 0 0 0 1 1 1 0 1 1 1 0 
0 0 0 1 0 0 0 1 0 1 1 1 1 

0 0 0 1 1 0 1 1 1 0 0 0 0 
1 0 1 1 1 1 1 1 0 0 0 0 0 
0 1 0 0 1 1 1 1 1 0 0 1 1 
0 0 1 0 0 0 0 1 1 1 0 0 1 
0 1 1 1 1 0 0 0 1 1 1 0 0 

0 0 1 1 0 1 1 1 0 0 1 1 0 
1 1 1 0 1 1 0 0 1 0 0 0 0 
1 0 1 0 0 1 1 0 0 0 0 1 0 
0 1 1 0 0 0 1 1 1 0 0 0 0 
0 0 1 1 0 0 0 0 0 0 0 1 1 

0 1 1 0 1 1 1 0 0 0 1 1 0 
1 0 0 1 1 1 0 0 1 1 1 1 1 
0 0 0 1 0 0 1 1 1 1 1 1 1 
1 1 1 1 1 0 1 1 0 0 0 1 0 
1 1 0 1 1 1 1 0 1 0 1 1 0 

1 0 0 1 1 0 1 1 1 1 1 0 1 
1 0 1 1 1 0 0 1 0 1 1 1 1 
1 0 0 1 0 0 0 1 1 1 0 0 0 
1 1 1 0 0 1 0 0 1 1 1 1 1 
1 0 1 0 0 1 1 0 0 0 1 1 0 

1 1 0 0 1 0 0 0 1 1 0 0 0 
0 0 1 1 0 0 0 0 0 0 1 1 1 
1 1 0 0 1 1 0 1 1 0 0 0 0 
1 0 0 0 0 1 1 1 0 0 0 1 0 
1 1 1 1 1 0 1 1 0 0 1 1 0 

0 1 0 0 1 0 0 0 0 0 0 1 1 
1 0 0 1 1 0 1 1 0 1 1 0 0 
1 1 0 0 0 1 0 0 1 0 0 0 1 
0 0 1 1 0 0 1 0 0 0 0 1 0 
1 0 0 1 1 1 1 0 1 1 1 1 0 

1 0 0 0 0 0 1 0 0 1 1 1 0 
1 1 0 0 0 1 0 1 1 1 1 1 1 
1 1 1 1 1 0 0 0 1 1 0 0 1 
1 0 0 0 0 1 1 1 0 0 1 1 0 
0 1 0 0 1 1 0 0 1 1 0 0 1 

1 1 1 1 1 1 0 1 1 0 0 0 1 
1 0 1 1 1 0 1 0 0 0 0 0 0 
0 1 0 0 1 0 0 0 0 0 1 1 1 
1 1 1 0 0 0 0 1 0 0 0 0 1 
1 0 1 1 1 0 1 1 0 1 1 1 0 

0 0 1 0 0 0 0 1 1 0 0 0 1 
0 0 1 1 0 0 1 0 0 0 1 1 0 
1 1 1 0 0 1 0 0 1 0 0 1 1 
0 1 0 1 1 0 0 1 1 0 0 0 0 
1 0 0 0 0 1 0 0 1 1 0 0 1 

1 1 1 1 1 0 0 0 1 1 1 0 1 
1 0 1 1 0 0 1 0 0 1 1 1 1 
0 1 0 0 1 1 0 0 1 1 1 0 1 
1 0 1 1 0 1 1 1 0 0 1 1 1 
1 1 0 1 1 0 0 1 1 1 0 0 1 

0 0 0 0 1 1 1 0 0 0 1 0 0 
0 1 1 0 1 1 0 0 1 1 0 1 1 
1 1 1 0 1 1 1 0 0 0 1 1 1 
1 1 0 0 0 1 1 0 1 0 0 0 0 
0 1 1 1 0 1 1 1 1 0 0 1 0 

1 0 0 1 1 0 1 1 0 0 0 0 0 
1 1 1 0 0 1 0 0 0 0 0 1 0 
0 0 0 1 0 1 1 1 1 1 0 0 0 
1 0 1 0 0 0 0 1 0 1 0 0 1 
1 0 0 0 0 1 0 0 1 1 1 0 1 

1 1 1 0 0 0 1 1 0 0 0 0 0 
0 1 1 1 1 0 1 0 0 0 0 1 1 
0 0 0 1 1 0 0 1 1 1 0 0 0 
1 1 0 1 1 0 0 1 1 1 1 0 1 
0 0 1 0 0 0 1 1 1 0 0 0 0 

1 0 0 1 0 0 1 1 0 1 1 1 1 
0 1 0 0 1 1 0 1 1 1 0 1 1 
0 0 0 1 0 1 1 1 1 1 1 0 0 
1 1 0 0 0 0 0 0 1 1 1 1 1 
1 1 1 1 1 0 0 0 1 0 0 0 1 

0 1 0 0 1 1 0 0 1 0 0 0 1 
0 1 1 1 1 0 1 0 0 0 1 1 1 
0 0 0 0 0 1 1 0 0 0 0 1 1 
0 0 0 1 1 0 0 1 1 1 1 0 0 
1 1 1 1 0 1 1 0 0 0 0 0 0 

1 0 1 1 1 1 1 1 1 1 0 0 0 
0 1 1 1 0 0 0 0 0 0 0 1 0 
1 0 0 0 0 1 0 1 1 1 0 1 1 
1 0 0 0 1 1 0 1 1 0 0 0 0 
1 1 0 1 1 1 0 0 1 1 1 1 0 

1 1 1 1 0 0 0 0 0 1 0 1 1 
1 1 0 0 0 1 1 1 1 0 0 1 0 
1 0 0 0 0 1 1 0 1 1 1 0 0 
0 0 0 0 0 1 1 0 0 0 1 1 1 
0 1 1 0 1 1 0 0 1 0 0 1 1 

1 0 0 0 1 0 0 0 1 1 1 0 0 
0 1 1 1 0 0 0 0 0 0 1 1 0 
0 0 1 1 1 0 1 0 0 1 1 1 1 
0 1 1 1 1 1 1 0 0 1 1 0 0 
1 1 0 0 0 1 1 1 1 0 1 1 0 

0 1 0 0 1 1 1 0 1 0 0 0 0 
0 1 0 0 0 1 0 0 0 1 1 1 1 
0 1 0 0 1 1 0 0 0 0 1 0 0 
1 1 0 0 0 0 0 0 1 0 0 1 1 
1 0 0 1 0 1 1 1 1 1 0 0 1 

1 0 1 1 1 0 0 0 0 1 0 0 0 
0 1 1 0 1 1 0 0 1 0 1 1 1 
1 1 1 1 1 0 0 1 1 0 0 1 1 
1 0 0 1 1 0 0 1 1 1 0 0 1 
0 0 0 1 0 1 1 1 1 0 1 0 0 

0 0 1 1 0 0 0 0 0 1 1 1 0 
0 1 0 0 0 1 1 0 1 1 1 1 1 
0 0 0 1 1 0 1 1 0 1 1 1 1 
0 0 1 1 0 1 1 1 1 0 0 1 0 
1 0 0 1 0 1 1 1 1 1 1 0 1 

0 1 0 1 1 0 0 0 0 1 0 0 1 
0 0 0 1 0 0 0 1 1 1 1 1 1 
1 0 1 1 1 0 0 0 0 1 1 0 0 
1 0 0 0 0 0 0 0 1 1 0 1 1 
0 1 0 0 1 0 0 0 1 1 1 1 1 

1 0 0 0 0 1 0 1 1 0 0 1 1 
0 0 0 0 1 1 0 0 0 1 1 0 0 
1 0 0 1 1 0 0 1 0 1 0 0 0 
1 1 1 0 1 1 0 0 0 1 1 1 1 
0 1 1 0 0 0 1 1 0 1 1 1 1 

1 1 1 0 0 0 0 1 1 1 0 0 1 
1 1 1 1 0 1 1 1 0 0 1 1 0 
1 0 0 1 1 0 0 1 1 1 1 0 1 
1 1 1 1 0 0 0 0 0 0 0 1 1 
1 0 0 0 0 1 1 0 1 0 1 0 0 

0 1 0 0 0 1 0 0 0 0 0 1 1 
1 1 1 1 1 1 0 1 1 1 0 0 0 
0 1 1 0 1 1 1 0 1 0 1 1 0 
0 1 0 1 1 0 0 0 0 1 1 0 1 
0 1 0 0 1 0 0 0 0 1 1 1 0 

1 0 1 1 1 1 1 1 1 0 1 0 0 
0 1 0 0 1 1 1 1 1 0 0 1 0 
1 0 0 1 1 0 0 1 0 1 1 0 0 
1 0 1 1 0 1 1 0 0 0 0 0 0 
1 1 1 1 0 0 0 0 0 0 1 1 1 

0 1 1 1 1 1 1 0 0 0 1 0 0 
0 0 0 0 1 1 0 1 1 1 1 1 1 
1 0 1 1 0 1 1 1 0 1 1 1 0 
1 0 0 1 0 0 0 0 0 1 1 0 1 
1 0 1 1 0 0 0 0 0 1 0 1 1 

1 0 0 1 1 0 1 1 1 1 1 0 0 
0 1 1 0 0 0 1 1 0 0 0 1 1 
0 1 0 0 0 1 1 0 0 0 0 1 0 
0 0 0 1 1 1 1 1 1 1 0 0 1 
0 0 0 0 0 0 1 1 0 1 0 0 1 

1 0 0 1 0 1 1 1 0 0 0 0 0 
1 1 0 0 1 1 1 0 0 0 0 0 0 
0 1 1 1 1 1 1 1 0 0 0 1 0 
1 0 1 1 0 1 1 1 1 0 0 1 1 
0 0 0 0 1 1 1 0 1 0 0 0 0 

0 1 1 0 0 1 1 1 1 1 0 0 1 
1 1 1 0 0 0 0 1 1 0 0 0 1 
1 0 1 1 1 0 0 0 0 0 1 0 0 
1 1 1 0 1 1 1 0 1 0 0 1 1 
1 1 0 0 1 0 0 0 0 1 0 1 1 

0 1 0 0 0 1 1 0 0 0 1 1 0 
0 0 0 0 1 1 1 1 1 1 1 1 0 
1 0 0 1 0 0 1 0 0 1 1 0 0 
0 0 0 0 0 0 1 1 0 1 1 0 1 
1 1 1 1 1 0 0 0 1 1 0 0 0 

0 1 1 0 1 0 0 1 1 1 0 0 1 
0 1 0 0 1 1 0 0 1 1 0 0 0 
0 1 1 1 1 0 1 0 0 1 1 1 0 
1 1 0 0 0 1 1 0 0 1 1 1 1 
1 0 0 1 0 0 0 1 0 1 1 1 1 

0 0 0 1 1 1 1 1 0 1 1 0 0 
1 0 0 1 1 0 1 1 1 0 0 0 0 
0 0 0 1 1 0 0 0 0 1 0 0 1 
1 1 0 0 1 1 1 1 1 0 0 1 1 
0 1 1 1 0 1 1 0 0 0 1 1 1 

1 0 1 0 0 0 0 1 1 1 0 0 1 
0 0 0 0 1 0 0 0 1 1 1 1 1 
1 1 1 1 1 0 0 0 1 1 1 0 0 
0 0 1 0 0 0 1 1 0 1 1 1 1 
0 1 0 0 1 1 0 0 1 1 1 0 0 

0 0 0 0 0 1 1 0 0 1 1 1 0 
1 0 1 1 0 1 1 1 0 0 1 1 0 
0 1 1 1 1 1 0 0 1 1 0 0 1 
1 1 1 0 0 0 1 1 1 0 0 0 0 
1 0 1 1 0 0 0 0 0 0 0 1 1 

0 0 1 1 1 1 1 0 0 0 0 0 0 
1 1 1 0 1 1 1 0 0 0 1 1 0 
0 1 1 0 0 0 0 0 0 1 0 0 1 
1 0 0 1 0 0 1 1 1 1 1 1 1 
0 0 0 1 1 0 0 0 0 1 1 0 1 

0 0 0 0 1 0 0 0 0 1 1 1 0 
0 1 1 1 1 0 1 0 0 0 0 1 0 
0 0 1 1 0 1 1 0 0 1 1 1 1 
1 0 1 1 0 0 0 0 0 0 1 1 1 
0 0 0 0 0 1 1 0 1 0 0 1 1 

0 0 0 0 0 1 0 0 0 0 1 1 1 
0 1 0 1 1 1 0 1 1 1 0 0 1 
0 1 1 0 0 1 1 1 1 0 0 0 1 
0 0 0 1 1 1 1 1 0 0 0 0 0 
1 1 0 0 1 0 0 0 0 0 0 1 1 

0 0 0 0 1 1 1 1 1 0 1 1 0 
0 1 1 1 1 1 0 0 0 1 1 0 0 
0 0 1 0 0 0 1 1 0 0 0 1 1 
1 0 1 1 0 0 1 0 0 0 0 1 0 
0 1 1 1 1 0 1 0 0 0 1 1 0 

0 1 1 0 0 1 1 1 0 0 0 0 0 
0 0 0 0 0 1 1 0 1 0 1 1 1 
0 0 0 1 1 0 1 0 0 1 1 0 0 
0 0 0 1 0 1 1 1 0 1 1 1 1 
1 1 0 0 1 1 0 0 1 1 0 0 1 

0 1 0 0 1 1 1 0 0 1 1 1 1 
1 1 0 0 1 0 0 0 0 0 1 1 1 
0 0 1 0 0 1 1 1 1 1 0 0 1 
1 0 1 0 0 0 0 1 1 0 0 0 1 
0 1 0 0 0 1 0 0 1 1 1 1 1 

1 0 1 1 0 0 1 0 0 0 1 1 0 
0 1 0 0 1 1 0 0 1 0 1 0 0 
0 0 0 1 1 0 0 1 0 1 1 1 1 
0 1 0 1 1 1 1 1 1 1 0 0 0 
0 1 1 1 1 1 0 0 1 0 0 0 1 

1 1 0 1 1 0 0 1 1 0 0 0 0 
1 1 0 0 1 1 0 0 1 1 1 0 1 
0 0 0 0 1 1 0 0 1 1 0 0 0 
1 0 0 0 1 1 1 0 0 0 1 0 0 
1 1 1 0 1 1 0 0 1 1 0 1 1 

0 0 1 1 1 1 1 1 0 0 1 1 0 
0 1 1 0 0 0 1 1 1 1 0 1 1 
0 1 1 0 0 0 0 1 0 1 1 1 1 
1 1 1 1 0 1 1 1 1 0 0 1 0 
1 0 0 1 0 1 1 1 1 1 0 0 0 

0 0 0 0 1 1 0 0 1 1 1 0 0 
1 1 1 1 1 0 1 0 0 0 0 1 1 
1 0 0 1 1 0 0 1 1 1 0 0 0 
1 0 1 0 0 0 1 1 1 0 0 0 0 
1 1 0 0 1 1 0 1 1 1 0 1 1 

0 1 1 1 1 1 0 0 0 0 1 0 0 
0 1 0 0 0 1 0 0 1 0 0 1 1 
0 1 0 1 1 0 0 0 0 1 0 0 0 
1 0 0 1 0 1 1 1 1 1 1 0 0 
0 0 0 1 0 0 1 0 0 1 1 1 1 

0 1 1 1 1 0 0 0 1 1 0 1 1 
0 0 0 1 1 0 1 0 0 0 1 0 0 
1 1 0 0 1 1 0 0 1 0 0 0 1 
1 1 1 1 1 0 1 0 0 0 1 1 1 
1 0 0 0 0 1 1 0 0 0 0 1 1 

1 0 0 1 1 0 0 1 1 1 1 0 0 
1 1 1 1 0 0 0 0 0 0 0 1 0 
0 1 1 0 0 0 0 1 0 0 0 1 1 
0 0 1 0 0 1 1 1 1 0 0 0 1 
0 1 1 1 1 1 1 0 1 0 1 0 0 

0 1 0 1 1 0 0 0 0 1 1 0 0 
0 0 0 0 0 1 0 0 1 1 0 1 1 
1 0 0 0 0 1 1 0 0 0 1 1 1 
1 1 1 0 1 1 0 0 1 0 0 1 1 
0 0 1 0 0 1 1 1 0 0 0 0 0 

0 1 1 0 0 0 1 1 1 0 0 1 1 
1 1 1 1 0 0 0 0 0 0 1 1 0 
0 1 0 0 0 1 0 0 0 0 1 1 0 
0 0 0 1 1 1 0 1 1 1 1 0 1 
1 0 1 1 1 0 1 0 0 1 1 1 1 

0 0 0 0 0 0 1 1 1 1 0 0 1 
0 0 0 0 0 0 0 1 0 1 1 0 1 
0 0 0 0 1 1 1 0 0 1 1 1 1 
1 1 1 1 1 1 1 0 0 1 1 0 0 
0 1 0 1 1 1 1 1 1 0 1 0 0 

1 1 0 0 0 1 0 0 0 1 1 1 1 
1 1 0 0 1 1 1 0 1 0 0 0 0 
1 1 0 0 1 1 0 0 0 0 1 0 0 
0 0 0 0 1 1 0 0 1 0 1 0 0 
0 0 0 1 1 1 1 1 1 1 0 0 0 

1 1 1 0 1 1 0 0 1 0 1 1 1 
0 0 0 0 0 0 1 1 1 1 1 0 1 
1 0 0 1 0 1 1 1 1 0 1 0 0 
1 0 1 1 0 0 0 0 0 1 1 1 0 
1 1 0 0 0 1 1 0 1 1 1 1 1 

0 0 1 0 0 0 0 1 0 1 1 1 1 
1 0 1 1 0 1 1 1 1 0 0 1 0 
0 0 0 0 0 1 0 0 0 1 1 1 0 
1 0 0 1 1 0 1 1 0 1 1 1 1 
0 1 1 1 1 0 0 0 1 0 0 1 1 

1 1 0 1 1 0 0 0 0 1 0 0 1 
1 0 0 1 0 0 0 1 1 1 1 1 1 
1 1 0 0 1 0 0 0 1 1 1 1 1 
1 0 0 0 1 1 0 0 0 1 1 0 0 
0 0 1 1 0 0 1 1 0 1 0 0 1 

1 1 1 0 0 0 1 1 0 1 1 1 1 
0 1 0 1 1 0 0 0 0 0 1 0 0 
0 0 1 0 0 0 1 1 1 1 1 1 1 
0 0 0 0 0 1 1 0 1 1 1 1 0 
1 1 0 0 0 1 0 0 0 0 0 1 1 

1 1 1 0 1 1 1 0 1 0 1 1 0 
1 1 0 1 1 0 0 0 0 1 1 0 1 
1 1 0 0 1 0 0 0 0 1 1 1 0 
1 1 0 0 1 1 1 1 1 0 0 1 0 
0 1 1 1 0 1 1 0 0 0 1 1 0 

0 0 1 1 0 0 1 1 0 1 1 0 1 
0 0 0 0 0 0 1 1 1 0 0 0 1 
0 1 1 1 1 1 0 0 1 1 0 0 0 
1 1 1 1 1 1 1 0 0 0 1 0 0 
0 0 1 0 0 0 0 1 0 0 0 1 1 

1 0 0 0 1 1 0 1 1 1 1 1 1 
0 0 0 0 0 1 0 0 1 0 1 1 1 
0 1 0 0 0 0 0 1 1 1 0 0 1 
0 1 0 0 1 1 0 0 0 1 1 1 1 
1 1 1 0 0 0 1 1 0 0 0 1 1 

1 1 0 0 0 1 1 0 0 0 0 1 0 
1 0 0 1 1 1 1 1 1 1 0 0 1 
1 0 0 0 0 0 1 1 0 1 0 0 1 
0 0 0 0 0 1 1 0 1 0 0 1 0 
1 1 1 1 1 1 1 1 0 0 0 1 0 

0 0 0 1 1 1 1 1 1 0 1 0 0 
0 0 1 1 1 0 0 0 0 1 1 1 0 
1 0 0 0 1 1 1 0 1 0 0 0 0 
0 1 1 0 0 0 0 1 1 1 0 1 1 
1 1 1 0 0 1 1 1 1 1 0 0 1 

0 0 1 1 0 0 1 1 0 0 0 0 1 
0 1 1 0 1 0 0 1 1 0 0 0 0 
0 0 1 0 0 0 1 1 0 0 0 1 0 
1 1 0 0 0 1 1 0 0 0 1 1 0 
1 0 0 0 1 1 1 1 1 1 1 1 0 

1 0 0 0 0 0 1 1 0 1 1 0 1 
0 0 0 0 0 1 1 0 1 0 1 1 0 
1 1 1 0 1 0 0 1 1 1 0 0 1 
0 1 0 1 1 1 0 1 1 1 1 0 0 
1 1 0 0 1 1 0 0 1 1 0 0 0 

1 1 1 1 1 0 1 0 0 1 1 1 0 
0 1 1 0 0 0 0 0 1 0 0 0 1 
1 0 0 1 1 1 1 1 0 1 1 0 0 
1 0 0 1 1 0 0 0 0 1 0 0 1 
0 0 0 1 0 1 1 0 0 0 1 0 0 

1 1 1 1 0 1 1 0 0 0 1 1 1 
1 0 0 0 1 0 0 0 1 1 1 1 1 
1 0 1 0 0 0 1 1 0 1 1 1 1 
1 1 0 0 1 1 0 0 1 1 1 0 0 
1 0 0 0 0 1 1 0 0 1 1 1 0 

1 1 1 1 1 1 0 0 1 1 0 0 1 
0 1 1 1 0 0 1 1 1 1 0 0 1 
1 0 1 1 1 1 1 0 0 0 0 0 0 
1 1 1 0 0 0 0 0 0 1 0 0 1 
0 1 0 0 0 0 0 1 1 0 0 0 1 

1 0 0 1 1 0 0 0 0 1 1 0 1 
1 0 0 0 1 0 0 0 0 1 1 1 0 
0 1 1 1 1 1 0 0 1 0 1 0 0 
0 0 1 1 0 1 1 0 0 0 1 1 0 
0 1 0 1 1 1 0 1 1 0 0 0 0 

1 1 1 1 1 0 1 0 0 0 0 1 0 
1 0 1 1 0 1 1 0 0 1 1 1 1 
1 0 0 0 0 1 1 0 1 0 0 1 1 
1 1 0 1 1 1 0 1 1 1 0 0 1 
1 0 0 0 0 1 0 0 0 0 1 1 1 

0 1 0 0 1 1 1 0 1 0 1 1 1 
1 1 1 0 0 1 1 1 1 0 0 0 1 
0 0 1 1 1 0 0 0 0 0 1 1 0 
1 0 0 1 1 1 1 1 0 0 0 0 0 
0 1 1 0 0 0 0 1 1 0 0 1 1 

0 1 0 0 0 1 0 0 1 0 0 1 0 
1 0 0 0 1 1 1 1 1 0 1 1 0 
0 0 0 0 1 1 0 0 0 1 1 1 1 
1 1 1 1 1 1 0 0 0 1 1 0 0 
1 0 1 0 0 0 1 1 0 0 0 1 1 

1 1 1 1 1 0 1 0 0 0 1 1 0 
0 1 0 0 1 1 1 0 0 0 1 1 0 
1 1 1 0 0 1 1 1 0 0 0 0 0 
0 1 1 1 1 1 1 0 0 0 0 1 1 
1 0 0 0 0 1 1 0 1 0 1 1 1 

1 0 0 1 0 1 1 1 0 1 1 1 1 
1 0 0 1 1 0 1 0 0 1 1 0 0 
1 1 0 0 1 1 1 0 0 1 1 1 1 
0 0 0 0 0 0 0 1 1 1 1 0 1 
0 0 0 0 1 1 1 0 1 1 1 1 1 

1 0 1 0 0 1 1 1 1 1 0 0 1 
1 1 0 0 0 1 0 0 1 1 1 1 1 
1 0 0 1 1 0 0 1 0 1 1 1 1 
1 1 0 0 1 1 0 0 1 0 1 0 0 
1 1 0 1 1 1 1 1 1 1 0 0 0 

1 1 1 1 1 1 0 0 1 0 0 0 1 
0 0 0 1 1 1 0 1 1 1 1 0 0 
1 0 0 0 1 1 0 0 1 1 0 0 0 
0 0 0 0 0 0 1 1 1 1 0 0 0 
0 0 1 1 0 0 0 1 0 1 0 0 1 

1 0 1 1 1 1 1 1 0 0 1 1 0 
1 1 1 0 0 0 1 1 1 1 0 1 1 
1 1 1 0 0 0 0 1 0 1 1 1 1 
0 1 1 0 1 0 0 0 0 1 0 0 1 
0 1 0 1 1 0 0 0 1 0 0 0 0 

0 0 1 0 0 0 0 1 1 1 1 1 1 
0 0 0 0 0 1 0 0 1 1 1 1 0 
0 1 1 1 0 0 1 1 0 0 0 0 0 
1 0 0 0 1 1 0 0 1 1 1 0 0 
0 0 0 0 0 0 1 1 1 1 1 0 0 

0 0 1 1 0 0 1 1 1 1 0 0 1 
0 0 0 1 0 0 1 0 0 0 1 1 0 
0 1 1 0 1 1 1 1 1 0 0 0 1 
1 1 1 1 1 1 0 0 0 0 1 0 0 
1 1 0 0 0 1 0 0 1 0 0 1 1 

1 1 0 1 1 0 0 0 0 1 0 0 0 

## rank = 15

1 1 0 1 1 0 0 0 1 1 1 0 1 
1 1 0 0 1 1 1 0 0 0 1 1 1 
1 0 0 1 1 1 0 1 1 1 0 0 1 
0 0 1 0 0 0 0 1 1 0 0 1 1 
1 1 0 0 0 1 0 0 1 0 1 1 1 

1 0 1 1 1 0 1 0 0 0 1 1 0 
1 1 1 0 0 1 0 1 1 1 0 0 1 
1 1 0 0 0 1 1 0 1 0 0 1 0 
1 0 1 0 0 0 0 1 0 1 0 1 1 
0 1 0 0 1 1 0 0 0 1 1 1 0 

1 1 1 1 0 0 1 1 0 0 0 0 1 
1 1 1 0 0 0 1 1 0 0 0 1 0 
0 0 1 1 0 0 1 1 1 0 0 0 1 
1 1 0 0 0 1 1 0 1 0 1 1 0 
1 0 1 0 0 0 1 1 1 1 0 1 1 

1 1 1 1 0 1 1 0 0 0 0 1 0 
1 0 0 1 1 0 0 0 1 1 0 0 1 
0 1 0 1 1 1 1 0 0 1 1 0 0 
1 1 1 0 0 0 0 0 1 1 0 0 1 
1 1 1 0 0 1 0 1 1 0 0 0 1 

1 0 0 1 1 0 0 0 1 1 1 0 1 
1 0 0 1 0 1 1 0 0 1 1 0 0 
0 1 0 0 1 1 1 0 1 0 0 1 0 
1 0 1 1 0 1 1 0 0 1 1 1 0 
1 0 1 0 0 0 1 1 1 0 0 1 1 

1 1 0 1 1 1 0 1 1 1 0 0 0 
0 1 1 1 0 0 0 1 1 0 0 0 1 
0 0 0 0 1 1 0 0 0 1 1 1 0 
0 1 0 1 1 1 1 0 0 0 1 0 0 
1 0 0 1 0 1 1 1 0 1 1 1 0 

0 0 1 1 1 0 1 1 0 1 0 0 1 
1 1 0 0 1 1 1 0 0 1 1 1 0 
0 1 1 0 0 0 1 0 0 0 1 1 1 
1 1 1 1 0 0 0 1 0 1 0 0 1 
0 0 0 0 1 1 1 0 1 1 1 1 0 

1 1 0 0 1 1 0 0 0 0 0 1 1 
0 1 1 0 1 0 0 0 1 1 0 0 1 
1 0 1 0 0 0 1 1 0 0 1 1 0 
0 1 1 0 1 1 0 1 1 0 0 0 1 
1 0 1 1 0 1 1 0 0 0 0 1 0 

0 0 1 0 0 1 1 1 0 0 0 1 1 
1 1 0 0 1 1 1 0 1 0 0 1 1 
1 1 0 0 1 1 0 0 0 0 1 1 1 
0 0 1 1 0 0 0 1 1 1 1 0 1 
0 0 1 0 0 1 1 1 0 0 1 1 1 

1 1 0 1 1 0 0 0 1 1 0 0 0 
0 0 1 1 0 0 1 1 1 1 0 0 0 
1 1 0 0 1 1 1 0 0 0 0 1 0 
0 0 1 1 0 0 0 1 0 1 1 0 0 
0 1 0 0 1 0 0 1 1 1 1 0 1 

1 0 0 1 0 0 1 0 0 1 1 1 0 
1 1 0 1 1 0 0 0 1 1 1 0 0 
1 0 0 1 0 1 1 1 0 0 1 1 0 
0 1 0 1 1 1 0 0 1 1 0 0 1 
0 0 1 1 0 0 1 1 1 1 1 0 0 

1 1 1 1 0 0 0 1 0 0 0 0 1 
1 0 0 1 1 1 0 1 1 1 0 0 0 
0 0 0 0 1 1 1 0 1 0 1 1 0 
0 0 1 1 0 0 0 1 1 0 0 0 1 
1 1 0 0 0 1 0 0 1 0 1 1 0 

0 1 1 0 1 0 0 0 1 0 0 0 1 
1 0 1 0 0 0 0 1 1 1 0 1 1 
1 1 1 1 0 0 1 1 1 0 0 0 1 
1 0 0 0 1 1 1 0 0 1 1 1 0 
0 0 1 0 0 0 1 0 0 0 1 1 1 

0 1 0 1 1 1 0 0 0 1 1 0 0 
0 1 0 0 1 0 0 1 1 0 0 0 1 
1 0 1 1 0 0 0 1 0 1 1 0 1 
0 1 1 0 1 0 0 1 1 0 0 1 1 
0 1 1 0 0 1 1 1 0 0 0 1 0 

0 0 0 1 1 0 1 0 0 1 1 1 0 
0 0 0 1 1 1 1 1 0 0 1 1 0 
1 0 1 0 0 0 0 1 1 0 0 1 1 
0 1 1 0 0 1 1 1 0 0 1 1 0 
0 0 0 0 1 0 0 1 1 1 1 0 1 

0 1 0 1 1 1 0 0 0 0 1 0 0 
0 0 1 1 1 0 0 1 0 1 0 0 1 
1 1 0 0 1 1 0 0 0 1 1 1 0 
0 0 0 1 1 1 0 0 1 1 1 0 1 
0 0 0 0 1 1 0 0 1 1 1 1 0 

1 0 1 1 0 0 1 1 1 0 0 0 1 
0 1 0 1 1 1 1 0 1 0 1 0 0 
0 0 1 1 1 0 0 1 0 1 1 0 1 
0 1 0 0 0 1 0 1 1 1 0 0 1 
0 0 0 1 1 0 1 0 0 0 1 1 0 

0 0 1 1 1 0 1 1 0 1 0 0 0 
1 1 0 1 1 1 1 0 0 1 1 0 0 
0 1 1 0 0 0 1 0 0 0 1 1 0 
0 0 1 1 0 0 0 1 1 1 0 0 0 
0 0 1 0 0 1 1 1 0 0 0 1 0 

0 1 1 0 0 1 0 0 1 0 0 0 1 
1 1 0 0 1 1 1 0 1 0 0 1 0 
0 0 0 0 1 1 0 0 1 0 1 1 0 
0 0 1 0 0 1 1 1 0 0 1 1 0 
0 1 0 0 1 0 0 1 1 1 0 0 0 

0 0 0 1 0 0 1 1 0 1 0 0 1 
1 1 1 1 0 0 0 1 1 0 0 0 1 
0 1 0 0 0 1 0 1 1 0 0 0 1 
1 0 0 0 1 1 0 0 0 1 1 1 0 
0 0 0 1 0 0 1 1 0 1 1 0 1 

0 1 0 1 1 1 0 0 1 1 0 0 0 
1 1 0 1 1 1 1 0 0 0 1 0 0 
0 0 0 1 1 1 1 0 1 0 1 0 0 
1 0 1 1 1 0 1 1 0 1 0 0 1 
0 1 1 0 0 0 0 0 1 1 0 1 1 

1 1 1 0 0 0 1 0 0 0 1 1 1 
1 0 0 0 1 1 1 0 1 1 1 1 0 
1 1 1 0 1 0 0 0 1 1 0 0 1 
0 0 1 1 1 0 1 1 0 0 1 0 0 
0 0 0 1 0 1 1 0 0 1 1 1 0 

1 1 1 0 1 1 0 1 1 0 0 0 1 
1 0 1 0 0 1 1 1 0 0 0 1 1 
0 1 0 0 0 0 0 1 1 1 0 1 1 
1 0 1 1 0 0 0 1 1 1 1 0 1 
1 0 1 0 0 1 1 1 0 0 1 1 1 

1 0 1 1 0 0 1 1 1 1 0 0 0 
1 0 1 1 0 0 0 1 0 1 1 0 0 
1 1 0 0 1 0 0 1 1 1 1 0 1 
1 1 0 1 1 1 0 0 1 1 0 0 1 
0 1 1 1 0 0 0 1 0 1 0 1 1 

1 0 1 1 0 0 1 1 1 1 1 0 0 
1 0 0 0 1 1 1 0 1 0 1 1 0 
1 0 1 1 0 0 0 1 1 0 0 0 1 
1 1 1 0 1 0 0 0 1 0 0 0 1 
0 1 0 1 1 1 0 0 1 0 1 0 0 

0 0 0 0 1 0 0 1 1 1 1 0 0 
0 0 0 1 1 1 0 0 1 1 0 0 0 
0 1 0 0 0 0 0 1 1 0 0 1 1 
1 0 1 0 0 0 1 0 0 0 1 1 1 
0 0 1 1 1 0 0 1 0 1 0 0 0 

1 1 0 1 1 1 0 0 0 1 1 0 0 
1 1 0 0 1 0 0 1 1 0 0 0 1 
0 0 1 1 0 1 1 1 0 1 1 0 0 
0 0 1 1 1 0 1 1 1 1 0 0 0 
0 0 1 1 1 0 0 1 0 1 1 0 0 

1 1 1 0 1 0 0 1 1 0 0 1 1 
1 1 1 0 0 1 1 1 0 0 0 1 0 
0 1 1 1 0 0 0 1 0 0 0 1 1 
1 0 0 1 1 0 1 0 0 1 1 1 0 
1 0 0 1 1 1 1 1 0 0 1 1 0 

1 1 1 0 0 1 1 1 0 0 1 1 0 
1 0 0 0 1 0 0 1 1 1 1 0 1 
0 0 0 1 0 0 1 1 1 1 0 0 1 
0 0 0 1 0 0 0 1 0 1 1 0 1 
0 0 1 1 0 0 0 1 0 1 0 1 1 

1 1 0 1 1 1 0 0 0 0 1 0 0 
0 1 1 1 0 0 1 1 0 0 0 1 0 
0 0 1 1 0 0 1 0 0 1 1 0 0 
0 0 0 1 1 1 0 0 1 0 1 0 0 
1 0 1 1 1 0 0 1 0 1 0 0 1 

0 0 1 1 0 1 1 1 0 0 1 0 0 
1 0 0 1 1 1 0 0 1 1 1 0 1 
0 0 0 1 0 0 1 1 1 1 1 0 1 
1 0 0 0 1 1 0 0 1 1 1 1 0 
1 1 0 1 1 1 1 0 1 0 1 0 0 

0 1 1 1 0 0 1 1 0 0 1 1 0 
1 0 1 1 1 0 0 1 0 1 1 0 1 
1 1 0 0 0 1 0 1 1 1 0 0 1 
1 0 0 1 1 0 1 0 0 0 1 1 0 
1 0 1 1 1 0 1 1 0 1 0 0 0 

1 1 1 0 0 0 1 0 0 0 1 1 0 
1 0 1 1 0 0 0 1 1 1 0 0 0 
1 0 1 0 0 1 1 1 0 0 0 1 0 
0 0 1 1 0 0 0 1 0 0 0 1 1 
1 1 1 0 0 1 0 0 1 0 0 0 1 

1 0 0 0 1 1 0 0 1 0 1 1 0 
1 0 1 0 0 1 1 1 0 0 1 1 0 
0 1 1 0 1 1 0 0 1 1 0 0 1 
1 0 0 1 0 0 1 1 0 1 0 0 1 
1 1 0 0 1 0 0 1 1 1 0 0 0 

0 0 1 1 0 0 1 1 1 0 0 1 1 
1 1 0 0 0 1 0 1 1 0 0 0 1 
1 0 0 1 0 0 1 1 0 1 1 0 1 
1 1 0 1 1 1 0 0 1 1 0 0 0 
1 0 0 1 1 1 1 0 1 0 1 0 0 

1 1 1 0 0 0 0 0 1 1 0 1 1 
0 0 1 1 1 0 0 1 1 1 0 0 0 
1 0 1 1 1 0 1 1 0 0 1 0 0 
1 0 0 1 0 1 1 0 0 1 1 1 0 
1 1 0 0 0 0 0 1 1 1 0 1 1 

0 1 1 0 1 1 0 0 1 0 0 0 1 
0 0 1 0 0 1 1 0 0 0 0 1 1 
0 0 1 1 1 0 0 1 1 1 1 0 0 
0 1 1 1 0 0 0 1 1 0 0 1 1 
0 0 1 0 0 1 1 0 0 0 1 1 1 

0 1 0 0 1 1 0 1 1 0 0 0 1 
0 0 0 1 1 0 1 1 0 1 1 0 1 
1 1 1 1 0 0 0 1 0 1 0 1 1 
0 0 0 1 0 0 0 1 1 1 1 0 1 
0 0 1 1 0 0 0 1 1 1 0 1 1 

0 1 0 0 1 0 0 0 1 1 1 0 1 
1 1 0 1 1 1 0 0 1 0 1 0 0 
0 1 1 0 1 0 0 0 1 1 0 1 1 
1 0 0 0 1 0 0 1 1 1 1 0 0 
0 0 0 0 1 1 0 1 1 1 0 0 1 

1 0 0 1 1 1 0 0 1 1 0 0 0 
0 0 0 1 0 0 1 1 1 1 0 0 0 
1 1 0 0 0 0 0 1 1 0 0 1 1 
1 0 1 1 1 0 0 1 0 1 0 0 0 
0 1 0 0 1 0 0 1 1 1 0 1 1 

0 0 0 0 1 1 0 1 1 1 1 0 1 
0 0 0 1 0 0 1 1 1 1 1 0 0 
1 0 1 1 0 1 1 1 0 1 1 0 0 
0 1 1 0 0 0 1 1 0 0 0 0 1 
1 0 1 1 1 0 1 1 1 1 0 0 0 

1 0 1 1 1 0 0 1 0 1 1 0 0 
0 1 1 0 0 1 0 0 0 0 1 1 1 
1 1 1 1 0 0 0 1 0 0 0 1 1 
0 1 1 0 1 0 0 0 1 0 0 1 1 
0 0 1 0 0 0 1 1 0 1 0 0 1 

1 0 0 1 0 0 1 1 1 1 0 0 1 
1 0 0 1 0 0 0 1 0 1 1 0 1 
1 0 1 1 0 0 0 1 0 1 0 1 1 
0 1 0 1 1 1 0 0 0 1 1 1 0 
0 0 0 0 1 0 0 0 1 1 1 0 1 

1 1 1 1 0 0 1 1 0 0 0 1 0 
1 0 1 1 0 0 1 0 0 1 1 0 0 
1 0 0 1 1 1 0 0 1 0 1 0 0 
1 0 1 1 0 1 1 1 0 0 1 0 0 
1 0 0 1 0 0 1 1 1 1 1 0 1 

1 1 1 1 0 0 1 1 0 0 1 1 0 
0 1 0 0 1 1 0 1 1 1 0 0 0 
0 1 0 0 0 1 0 0 1 1 0 0 1 
0 0 0 1 1 0 0 1 0 1 0 0 1 
0 1 0 0 1 1 0 1 1 1 1 0 0 

1 0 1 1 0 0 0 1 0 0 0 1 1 
0 1 1 0 0 0 0 1 0 1 0 0 1 
0 1 0 1 1 1 0 0 0 0 1 1 0 
0 0 0 1 1 0 1 1 1 1 0 0 1 
0 0 0 1 1 0 0 1 0 1 1 0 1 

0 1 1 0 0 1 0 0 1 1 0 1 1 
0 0 1 1 1 0 1 0 0 1 1 0 0 
1 1 1 0 1 1 0 0 1 1 0 0 1 
0 0 1 1 1 1 1 1 0 0 1 0 0 
0 1 1 0 0 0 1 1 1 1 0 0 1 

0 0 0 1 1 0 1 1 0 1 0 0 0 
1 0 1 1 0 0 1 1 1 0 0 1 1 
0 1 1 1 0 0 1 0 0 0 0 1 1 
0 0 0 1 1 1 0 0 0 1 1 1 0 
0 1 0 0 0 1 0 1 1 1 0 1 1 

0 1 1 1 0 0 1 0 0 0 1 1 1 
0 0 0 1 0 0 0 1 1 1 1 0 0 
0 1 0 0 1 0 0 0 1 1 1 0 0 
0 0 1 1 0 1 1 1 0 0 0 1 1 
1 0 1 1 1 0 0 1 1 1 0 0 0 

0 1 1 0 1 1 1 0 0 0 0 1 1 
0 0 0 0 1 1 0 1 1 1 0 0 0 
0 0 1 1 1 0 1 0 0 0 1 0 0 
0 1 1 0 0 0 1 1 1 0 0 0 1 
1 1 1 0 1 1 0 0 1 0 0 0 1 

1 0 1 0 0 1 1 0 0 0 0 1 1 
1 0 1 1 1 0 0 1 1 1 1 0 0 
0 0 0 0 1 1 0 1 1 1 1 0 0 
0 1 1 0 0 1 0 0 1 0 1 1 1 
0 1 0 0 0 0 0 0 1 1 0 1 1 

0 0 0 1 1 1 0 0 0 0 1 1 0 
1 1 1 1 0 0 0 1 1 0 0 1 1 
0 1 0 0 0 1 0 1 1 0 0 1 1 
1 0 1 0 0 1 1 0 0 0 1 1 1 
0 0 0 1 1 0 1 1 0 0 1 0 0 

1 1 0 0 1 1 0 1 1 0 0 0 1 
0 1 1 0 0 1 1 0 1 0 0 1 0 
0 1 1 0 0 1 0 0 0 0 1 1 0 
0 0 1 0 0 0 1 1 1 1 0 0 1 
1 0 0 1 1 0 1 1 0 1 1 0 1 

0 0 0 1 1 1 1 0 1 0 1 1 0 
0 0 1 1 0 0 1 0 0 0 0 1 1 
1 0 0 1 0 0 0 1 1 1 1 0 1 
1 0 1 1 0 0 0 1 1 1 0 1 1 
1 1 0 0 1 0 0 0 1 1 1 0 1 

1 1 1 0 1 0 0 0 1 1 0 1 1 
0 1 1 0 0 1 1 0 1 0 1 1 0 
0 0 1 1 1 0 1 1 0 0 1 1 0 
1 0 0 0 1 1 0 1 1 1 0 0 1 
1 0 0 1 0 0 1 1 1 1 0 0 0 

0 0 1 1 0 0 1 0 0 0 1 1 1 
1 1 0 0 1 0 0 1 1 1 0 1 1 
1 0 0 0 1 1 0 1 1 1 1 0 1 
1 0 0 1 0 0 1 1 1 1 1 0 0 
1 1 1 0 0 0 1 1 0 0 0 0 1 

0 1 1 1 0 1 1 1 0 0 0 1 0 
0 0 1 0 0 0 1 1 1 0 0 0 1 
1 1 1 0 0 1 0 0 0 0 1 1 1 
1 1 1 0 1 0 0 0 1 0 0 1 1 
0 1 0 1 1 1 0 0 1 0 1 1 0 

1 0 1 0 0 0 1 1 0 1 0 0 1 
0 0 0 1 0 1 1 1 0 1 1 0 0 
0 0 0 1 1 0 1 1 1 1 0 0 0 
1 1 0 1 1 1 0 0 0 1 1 1 0 
1 0 0 0 1 0 0 0 1 1 1 0 1 

0 0 0 1 1 1 0 0 1 1 1 1 0 
0 1 1 0 1 1 0 0 0 0 0 1 1 
0 1 1 1 0 0 1 0 0 0 0 1 0 
0 0 1 1 0 1 1 0 0 0 1 0 0 
1 1 0 0 1 1 0 1 1 1 0 0 0 

0 1 1 0 1 1 0 0 0 0 1 1 1 
0 1 1 1 0 0 1 0 0 0 1 1 0 
1 0 0 1 1 0 0 1 0 1 0 0 1 
0 0 0 1 0 1 1 1 0 0 1 0 0 
1 1 0 0 0 1 0 0 1 1 0 0 1 

0 0 1 1 0 1 1 1 0 0 0 1 0 
0 1 0 0 1 1 1 0 0 0 1 0 0 
0 1 1 0 1 1 1 0 0 0 0 1 0 
1 1 0 0 1 1 0 1 1 1 1 0 0 
1 1 1 0 0 0 0 1 0 1 0 0 1 

0 1 1 0 0 1 0 0 1 0 0 1 0 
1 1 0 1 1 1 0 0 0 0 1 1 0 
1 0 0 1 1 0 1 1 1 1 0 0 1 
1 0 0 1 1 0 0 1 0 1 1 0 1 
0 0 1 1 0 0 1 0 0 1 1 1 0 

1 1 1 0 0 1 0 0 1 1 0 1 1 
0 1 0 1 1 0 0 1 1 1 0 0 0 
1 0 1 1 1 0 1 0 0 1 1 0 0 
0 0 0 0 1 1 1 0 0 1 1 0 0 
1 0 1 1 1 1 1 1 0 0 1 0 0 

1 1 1 0 0 0 1 1 1 1 0 0 1 
1 0 0 1 1 0 1 1 0 1 0 0 0 
1 1 1 1 0 0 1 0 0 0 0 1 1 
0 1 0 0 0 1 1 0 0 0 0 1 1 
0 1 0 1 1 0 0 1 1 1 1 0 0 

1 0 0 1 1 1 0 0 0 1 1 1 0 
0 0 0 1 0 0 1 1 0 1 1 1 0 
1 1 0 0 0 1 0 1 1 1 0 1 1 
1 1 1 1 0 0 1 0 0 0 1 1 1 
0 1 0 0 0 1 1 0 0 0 1 1 1 

1 0 0 1 0 0 0 1 1 1 1 0 0 
1 1 0 0 1 0 0 0 1 1 1 0 0 
1 0 1 1 0 1 1 1 0 0 0 1 1 
1 1 1 0 1 1 1 0 0 0 0 1 1 
1 0 0 0 1 1 0 1 1 1 0 0 0 

1 0 1 1 1 0 1 0 0 0 1 0 0 
1 1 1 0 0 0 1 1 1 0 0 0 1 
1 0 0 0 1 1 0 1 1 1 1 0 0 
1 1 1 0 0 1 0 0 1 0 1 1 1 
1 1 0 0 0 0 0 0 1 1 0 1 1 

1 0 0 1 1 1 0 0 0 0 1 1 0 
0 0 0 1 0 0 1 1 0 0 1 1 0 
0 1 0 0 1 1 0 0 0 1 1 0 0 
1 1 0 0 0 1 0 1 1 0 0 1 1 
1 0 0 1 1 0 1 1 0 0 1 0 0 

1 1 1 0 0 1 1 0 1 0 0 1 0 
1 1 1 0 0 1 0 0 0 0 1 1 0 
1 0 1 0 0 0 1 1 1 1 0 0 1 
1 0 0 1 1 1 1 0 1 0 1 1 0 
0 1 0 0 1 1 1 0 1 1 1 0 0 

1 0 1 1 0 0 1 0 0 0 0 1 1 
1 0 1 1 1 0 1 1 0 0 1 1 0 
1 1 1 0 0 1 1 0 1 0 1 1 0 
1 0 1 1 0 0 1 0 0 0 1 1 1 
0 0 0 0 1 1 0 0 1 1 0 0 1 

0 1 1 0 1 1 0 0 0 0 0 1 0 
0 1 0 0 1 0 0 0 1 1 0 1 1 
0 1 1 0 0 0 1 1 0 1 0 1 1 
0 1 0 0 1 1 0 1 1 0 0 1 1 
0 0 0 0 1 1 0 0 1 1 1 0 1 

1 1 1 1 0 1 1 1 0 0 0 1 0 
1 0 1 0 0 0 1 1 1 0 0 0 1 
0 1 0 0 1 1 1 0 1 0 1 0 0 
0 1 1 0 1 1 1 0 1 0 0 1 0 
0 1 1 0 1 1 0 0 0 0 1 1 0 

1 1 0 1 1 1 0 0 1 0 1 1 0 
1 0 0 1 0 1 1 1 0 1 1 0 0 
0 0 0 0 1 1 1 0 1 1 1 0 0 
1 0 0 1 1 0 1 1 1 1 0 0 0 
0 1 0 0 0 1 0 0 0 0 1 1 1 

0 1 0 0 0 1 1 0 1 0 0 1 1 
1 0 0 1 1 1 0 0 1 1 1 1 0 
0 1 0 0 1 0 0 0 1 0 0 1 1 
1 1 1 0 1 1 0 0 0 0 0 1 1 
1 1 1 1 0 0 1 0 0 0 0 1 0 

1 0 1 1 0 1 1 0 0 0 1 0 0 
0 1 0 0 0 1 1 0 1 0 1 1 1 
0 0 1 1 1 1 1 0 0 1 1 0 0 
1 1 1 0 1 1 0 0 0 0 1 1 1 
1 1 1 1 0 0 1 0 0 0 1 1 0 

0 1 1 0 0 0 1 1 0 0 1 1 1 
0 1 1 1 0 1 1 0 0 0 0 1 1 
1 0 0 1 0 1 1 1 0 0 1 0 0 
0 0 1 0 0 0 1 1 0 1 0 1 1 
1 0 1 1 0 1 1 1 0 0 0 1 0 

1 1 0 0 1 1 1 0 0 0 1 0 0 
1 1 1 0 1 1 1 0 0 0 0 1 0 
0 0 0 0 1 1 1 0 1 0 1 0 0 
1 1 1 0 0 1 0 0 1 0 0 1 0 
1 0 1 1 0 0 1 0 0 1 1 1 0 

1 1 0 1 1 0 0 1 1 1 0 0 0 
1 0 0 0 1 1 1 0 0 1 1 0 0 
1 1 0 0 0 1 1 0 0 0 0 1 1 
1 1 0 1 1 0 0 1 1 1 1 0 0 
1 0 0 1 0 0 1 1 0 1 1 1 0 

0 0 1 1 1 1 1 0 0 0 1 0 0 
0 1 1 0 1 0 0 1 1 0 0 0 1 
0 1 0 0 0 1 0 0 1 1 0 1 1 
1 1 0 0 0 1 1 0 0 0 1 1 1 
0 0 0 1 1 1 1 1 0 0 1 0 0 

0 1 1 0 0 0 0 1 0 1 0 1 1 
0 0 1 0 0 0 1 1 0 0 1 1 1 
0 1 1 0 1 1 0 0 1 0 0 1 0 
0 0 1 1 1 0 1 0 0 1 1 1 0 
0 0 1 1 0 1 1 0 0 0 1 1 1 

0 1 1 0 1 1 0 0 1 0 1 1 0 
0 1 0 1 1 0 0 0 1 1 0 0 1 
1 0 0 1 0 0 1 1 0 0 1 1 0 
1 1 0 0 1 1 0 0 0 1 1 0 0 
0 1 1 1 0 0 1 1 0 1 0 0 1 

0 0 0 1 1 0 1 1 0 1 1 1 0 
1 1 0 0 1 1 1 0 1 1 1 0 0 
0 1 0 1 1 0 0 0 1 1 1 0 1 
0 1 0 0 1 1 1 0 0 0 1 1 1 
0 0 0 1 1 1 0 1 1 1 0 0 1 

0 1 0 0 0 1 0 0 1 0 1 1 1 
0 1 1 0 0 1 0 1 1 1 0 0 1 
0 0 1 1 1 0 1 0 0 0 1 1 0 
0 1 0 0 0 1 1 0 1 0 0 1 0 
1 0 0 0 1 1 0 0 1 1 0 0 1 

0 0 1 0 0 0 0 1 0 1 0 1 1 
1 1 1 0 1 1 0 0 0 0 0 1 0 
0 1 1 1 0 0 1 1 0 0 0 0 1 
0 1 1 0 0 0 1 1 0 0 0 1 0 
1 1 0 0 1 0 0 0 1 1 0 1 1 

0 1 0 0 0 1 1 0 1 0 1 1 0 
1 1 1 0 0 0 1 1 0 1 0 1 1 
1 1 0 0 1 1 0 1 1 0 0 1 1 
1 0 0 0 1 1 0 0 1 1 1 0 1 
0 0 1 0 0 0 1 1 1 1 0 1 1 

1 1 0 0 1 1 1 0 1 0 1 0 0 
1 1 1 0 1 1 1 0 1 0 0 1 0 
1 1 1 0 1 1 0 0 0 0 1 1 0 
0 1 1 1 0 1 1 0 0 0 0 1 0 
0 0 0 1 1 0 0 0 1 1 0 0 1 

0 1 1 0 0 0 0 0 1 1 0 0 1 
0 1 1 0 0 1 0 1 1 0 0 0 1 
1 0 0 0 1 1 1 0 1 1 1 0 0 
0 0 0 1 1 0 0 0 1 1 1 0 1 
0 0 0 1 0 1 1 0 0 1 1 0 0 

1 1 0 0 0 1 1 0 1 0 0 1 1 
1 1 0 0 0 1 0 0 0 0 1 1 1 
1 1 0 0 1 0 0 0 1 0 0 1 1 
0 0 1 1 0 1 1 0 0 1 1 1 0 
0 0 1 0 0 0 1 1 1 0 0 1 1 

1 1 0 0 0 1 1 0 1 0 1 1 1 
0 1 0 1 1 1 0 1 1 1 0 0 0 
1 0 1 1 1 1 1 0 0 1 1 0 0 
1 1 1 0 0 0 1 1 0 0 1 1 1 
1 1 1 1 0 1 1 0 0 0 0 1 1 

0 0 0 1 0 1 1 1 0 1 1 1 0 
1 0 1 0 0 0 1 1 0 1 0 1 1 
0 1 0 0 1 1 1 0 0 1 1 1 0 
0 1 1 1 0 0 0 1 0 1 0 0 1 
1 0 0 0 1 1 1 0 1 0 1 0 0 

0 1 0 0 1 1 0 0 0 0 0 1 1 
0 0 1 0 0 0 1 1 0 0 1 1 0 
0 0 1 1 0 1 1 0 0 0 0 1 0 
0 1 0 0 1 1 1 0 1 0 0 1 1 
0 1 0 0 1 1 0 0 0 0 1 1 1 

0 1 0 1 1 0 0 0 1 1 0 0 0 
0 1 0 0 1 1 1 0 0 0 0 1 0 
1 0 1 1 1 1 1 0 0 0 1 0 0 
0 1 0 1 1 0 0 0 1 1 1 0 0 
0 0 0 1 0 0 1 0 0 1 1 1 0 

1 1 0 0 0 1 0 0 1 1 0 1 1 
1 1 1 0 1 0 0 1 1 0 0 0 1 
0 0 0 1 0 1 1 1 0 0 1 1 0 
0 1 1 1 0 0 0 1 0 0 0 0 1 
0 0 0 1 1 1 0 1 1 1 0 0 0 

1 0 0 1 1 1 1 1 0 0 1 0 0 
0 1 0 0 0 1 0 0 1 0 1 1 0 
1 1 1 0 0 0 0 1 0 1 0 1 1 
0 0 1 0 0 0 0 1 1 1 0 1 1 
1 0 1 0 0 0 1 1 0 0 1 1 1 

1 1 1 0 1 1 0 0 1 0 0 1 0 
0 1 1 1 0 0 1 1 1 0 0 0 1 
1 0 1 1 1 0 1 0 0 1 1 1 0 
0 0 0 0 1 1 1 0 0 1 1 1 0 
1 1 1 0 1 1 0 0 1 0 1 1 0 

1 0 1 1 0 1 1 0 0 0 1 1 1 
1 1 0 1 1 0 0 0 1 1 0 0 1 
1 1 1 1 0 0 1 1 0 1 0 0 1 
0 0 1 1 0 0 0 1 0 1 1 0 1 
1 0 0 1 1 0 1 1 0 1 1 1 0 

