## rank = 7

0 1 1 1 1 1 1 
1 0 0 0 0 0 0 
0 0 0 0 0 0 0 
1 1 1 1 1 1 1 

## rank = 8

0 1 1 1 1 0 1 
1 0 0 0 1 0 0 
0 1 0 1 1 1 1 
0 0 1 1 1 1 1 
1 1 1 0 1 1 1 

1 0 0 0 0 1 0 
1 1 0 0 0 0 0 
1 0 1 0 0 0 0 
1 1 0 1 1 1 1 
1 0 1 1 1 1 1 

0 0 0 0 0 0 1 
0 1 1 0 1 1 1 
1 1 1 1 1 1 0 
1 1 1 1 0 1 1 
0 0 0 0 0 1 0 

1 0 0 1 0 0 0 
0 0 0 1 0 0 0 
0 0 1 0 0 0 0 
0 1 0 0 0 0 0 
1 0 0 0 0 0 1 

0 0 0 0 1 0 0 
0 1 1 1 1 1 0 
0 1 1 1 0 1 1 
1 1 1 1 1 0 1 

## rank = 9

0 1 0 1 0 1 0 
1 0 0 0 1 0 1 
0 1 0 1 1 1 0 
0 0 1 1 1 0 1 
0 0 1 0 1 0 0 

1 0 1 0 1 0 0 
1 0 0 1 1 1 1 
1 0 1 0 0 0 1 
1 1 0 0 0 1 0 
1 1 0 1 0 1 1 

0 1 0 1 0 0 0 
1 1 1 0 0 1 1 
1 0 0 0 1 1 1 
0 0 1 0 1 1 1 
1 0 1 0 1 1 1 

0 1 0 0 1 1 1 
1 1 0 0 1 1 1 
1 1 1 0 0 0 1 
1 1 1 1 0 0 1 
1 1 0 1 0 0 0 

0 0 0 0 0 1 1 
1 0 0 0 0 1 1 
1 0 1 1 0 0 0 
0 1 1 0 0 0 0 
1 1 1 1 1 0 0 

1 1 0 0 0 1 1 
1 0 1 0 1 0 1 
0 0 0 1 1 0 0 
0 1 1 1 0 0 0 
1 1 0 0 0 0 1 

0 0 1 1 0 0 0 
0 1 1 0 0 0 1 
0 0 0 1 1 1 0 
0 0 0 1 0 1 0 
0 0 0 0 1 1 0 

0 1 1 0 1 0 1 
0 0 1 0 0 0 1 
0 1 0 0 0 0 1 
0 1 1 0 0 1 1 
0 1 1 1 1 0 0 

0 0 1 0 1 0 1 
1 0 0 1 1 1 0 
0 1 0 0 0 1 0 
0 1 1 1 0 0 1 
0 0 1 1 1 0 0 

1 1 1 0 1 0 1 
0 0 0 0 1 0 1 
0 1 0 0 0 1 1 
0 0 0 1 1 1 1 
0 0 0 0 1 1 1 

1 1 0 1 1 1 0 
1 0 1 1 1 1 0 
0 1 1 1 0 1 0 
0 1 0 1 0 1 1 
1 0 0 1 1 0 0 

1 1 1 0 0 0 0 
1 0 0 1 0 1 0 
1 1 1 1 0 0 0 
0 0 1 1 1 1 0 
1 0 1 1 1 0 1 

1 0 0 0 1 1 0 
1 1 1 1 0 1 0 
1 0 1 1 1 0 0 
1 1 0 1 0 1 0 